0.463
0.420
0.401
0.379
0.479
0.560
0.485
0.561
0.393
0.478
0.486
0.564
0.561
0.560
0.560
0.489
0.564
0.476
0.562
0.565
0.476
0.478
0.472
0.477
0.475
0.479
0.475
0.489
0.484
0.477
0.478
0.480
0.489
0.491
0.490
0.479
0.475
0.564
0.473
0.475
0.475
0.388
0.559
0.477
0.479
0.475
0.476
0.483
0.480
0.478
0.478
0.562
0.391
0.486
0.561
0.483
0.560
0.486
0.478
0.559
0.484
0.402
0.358
0.486
0.557
0.455
0.473
0.397
0.474
0.477
0.474
0.482
0.475
0.487
0.560
0.509
0.456
0.477
0.476
0.565
0.478
0.558
0.477
0.491
0.478
0.481
0.480
0.479
0.486
0.489
0.562
0.475
0.483
0.475
0.475
0.489
0.477
0.563
0.478
0.482
0.490
0.401
0.561
0.476
0.481
0.463
0.459
0.482
0.475
0.561
0.562
0.572
0.478
0.563
0.479
0.564
0.565
0.476
0.482
0.478
0.482
0.478
0.544
0.561
0.460
0.507
0.564
0.565
0.485
0.465
0.561
0.558
0.505
0.474
0.476
0.478
0.475
0.483
0.480
0.565
0.474
0.482
0.476
0.480
0.566
0.502
0.535
0.472
0.396
0.383
0.472
0.488
0.475
0.476
0.529
0.477
0.569
0.476
0.477
0.489
0.398
0.480
0.478
0.452
0.479
0.564
0.486
0.483
0.395
0.486
0.478
0.479
0.472
0.482
0.478
0.489
0.477
0.480
0.483
0.470
0.477
0.477
0.508
0.563
0.475
0.474
0.473
0.478
0.560
0.476
0.480
0.481
0.472
0.482
0.559
0.491
0.474
0.559
0.474
0.563
0.475
0.485
0.400
0.474
0.495
0.471
0.400
0.566
0.475
0.475
0.564
0.480
0.487
0.477
0.468
0.471
0.475
0.477
0.501
0.566
0.507
0.560
0.504
0.564
0.478
0.475
0.475
0.559
0.470
0.560
0.557
0.358
0.478
0.472
0.560
0.504
0.560
0.481
0.478
0.565
0.474
0.477
0.559
0.565
0.560
0.480
0.476
0.564
0.567
0.563
0.481
0.477
0.475
0.579
0.564
0.478
0.474
0.480
0.505
0.561
0.476
0.485
0.564
0.473
0.482
0.492
0.491
0.484
0.571
0.485
0.478
0.484
0.471
0.458
0.477
0.478
0.483
0.483
0.564
0.562
0.477
0.476
0.477
0.473
0.564
0.478
0.472
0.562
0.359
0.475
0.473
0.475
0.478
0.476
0.561
0.399
0.474
0.563
0.479
0.468
0.474
0.483
0.463
0.480
0.562
0.474
0.476
0.474
0.563
0.484
0.480
0.481
0.475
0.478
0.474
0.419
0.471
0.480
0.560
0.566
0.401
0.399
0.564
0.478
0.563
0.486
0.564
0.475
0.479
0.476
0.475
0.474
0.564
0.489
0.564
0.474
0.478
0.565
0.561
0.562
0.485
0.564
0.468
0.563
0.475
0.473
0.465
0.475
0.475
0.480
0.513
0.472
0.560
0.475
0.561
0.561
0.565
0.562
0.478
0.474
0.477
0.475
0.563
0.559
0.563
0.479
0.569
0.476
0.465
0.391
0.475
0.488
0.473
0.398
0.474
0.564
0.472
0.475
0.474
0.478
0.476
0.479
0.476
0.561
0.475
0.478
0.478
0.477
0.473
0.471
0.474
0.474
0.473
0.474
0.479
0.480
0.470
0.471
0.461
0.476
0.563
0.488
0.469
0.471
0.472
0.562
0.473
0.532
0.407
0.396
0.469
0.560
0.561
0.563
0.472
0.490
0.560
0.470
0.563
0.561
0.472
0.471
0.473
0.475
0.473
0.560
0.483
0.483
0.478
0.582
0.499
0.471
0.561
0.475
0.471
0.475
0.471
0.470
0.474
0.501
0.479
0.499
0.474
0.470
0.469
0.484
0.469
0.458
0.474
0.468
0.397
0.470
0.474
0.478
0.472
0.561
0.561
0.476
0.468
0.475
0.558
0.562
0.472
0.473
0.562
0.559
0.475
0.563
0.474
0.562
0.472
0.472
0.562
0.471
0.475
0.497
0.479
0.473
0.474
0.473
0.476
0.474
0.469
0.474
0.477
0.563
0.485
0.361
0.564
0.562
0.476
0.461
0.477
0.566
0.471
0.497
0.563
0.473
0.475
0.466
0.560
0.471
0.470
0.473
0.464
0.483
0.467
0.473
0.470
0.566
0.478
0.471
0.469
0.498
0.473
0.477
0.470
0.499
0.567
0.473
0.461
0.402
0.472
0.471
0.472
0.476
0.479
0.470
0.471
0.471
0.470
0.474
0.563
0.497
0.472
0.482
0.476
0.476
0.469
0.485
0.475
0.456
0.490
0.470
0.471
0.472
0.560
0.469
0.562
0.473
0.470
0.555
0.468
0.480
0.398
0.473
0.483
0.473
0.466
0.563
0.477
0.462
0.469
0.560
0.473
0.561
0.470
0.475
0.489
0.480
0.473
0.474
0.473
0.457
0.560
0.471
0.493
0.401
0.395
0.471
0.564
0.478
0.466
0.560
0.559
0.397
0.470
0.475
0.471
0.495
0.563
0.476
0.470
0.568
0.476
0.470
0.484
0.561
0.466
0.570
0.473
0.476
0.499
0.475
0.475
0.484
0.471
0.535
0.560
0.496
0.475
0.468
0.473
0.473
0.467
0.470
0.472
0.469
0.475
0.472
0.474
0.477
0.474
0.482
0.467
0.514
0.472
0.495
0.402
0.471
0.472
0.470
0.474
0.465
0.562
0.406
0.473
0.564
0.465
0.561
0.479
0.468
0.562
0.475
0.470
0.475
0.394
0.466
0.469
0.477
0.482
0.482
0.472
0.471
0.475
0.471
0.494
0.403
0.469
0.467
0.559
0.479
0.559
0.560
0.470
0.465
0.467
0.567
0.481
0.479
0.472
0.469
0.472
0.477
0.472
0.468
0.456
0.468
0.464
0.475
0.466
0.560
0.468
0.471
0.469
0.561
0.474
0.410
0.469
0.468
0.468
0.473
0.560
0.464
0.559
0.559
0.463
0.477
0.476
0.568
0.493
0.469
0.471
0.565
0.561
0.470
0.560
0.465
0.572
0.468
0.564
0.468
0.563
0.476
0.584
0.565
0.363
0.465
0.474
0.472
0.476
0.467
0.560
0.561
0.561
0.560
0.473
0.465
0.471
0.560
0.468
0.402
0.383
0.471
0.473
0.559
0.468
0.470
0.465
0.470
0.559
0.468
0.467
0.486
0.464
0.459
0.561
0.446
0.561
0.490
0.386
0.470
0.562
0.472
0.470
0.472
0.474
0.475
0.467
0.562
0.564
0.492
0.562
0.568
0.571
0.476
0.471
0.477
0.472
0.471
0.479
0.467
0.472
0.474
0.474
0.491
0.564
0.562
0.565
0.369
0.468
0.472
0.473
0.471
0.471
0.472
0.465
0.469
0.469
0.488
0.470
0.472
0.471
0.477
0.466
0.468
0.479
0.561
0.487
0.468
0.466
0.562
0.464
0.560
0.564
0.469
0.560
0.470
0.471
0.477
0.471
0.464
0.469
0.468
0.493
0.469
0.566
0.474
0.468
0.454
0.480
0.474
0.554
0.466
0.560
0.576
0.558
0.465
0.466
0.393
0.472
0.562
0.469
0.465
0.477
0.473
0.561
0.474
0.467
0.561
0.464
0.475
0.468
0.474
0.562
0.457
0.479
0.476
0.471
0.563
0.406
0.458
0.471
0.563
0.562
0.472
0.464
0.473
0.470
0.468
0.396
0.465
0.564
0.410
0.466
0.418
0.577
0.466
0.469
0.473
0.471
0.472
0.486
0.468
0.470
0.482
0.463
0.479
0.467
0.468
0.468
0.486
0.492
0.465
0.471
0.417
0.469
0.466
0.564
0.571
0.562
0.562
0.475
0.565
0.477
0.567
0.472
0.468
0.465
0.477
0.471
0.463
0.562
0.468
0.466
0.471
0.375
0.463
0.472
0.471
0.561
0.462
0.566
0.459
0.467
0.563
0.476
0.469
0.564
0.406
0.464
0.467
0.463
0.463
0.558
0.559
0.463
0.463
0.562
0.471
0.562
0.472
0.460
0.458
0.468
0.468
0.458
0.566
0.467
0.565
0.494
0.459
0.470
0.467
0.473
0.463
0.471
0.467
0.458
0.461
0.561
0.469
0.467
0.487
0.391
0.472
0.466
0.463
0.558
0.459
0.466
0.569
0.466
0.468
0.561
0.559
0.467
0.464
0.471
0.471
0.465
0.384
0.463
0.483
0.563
0.485
0.465
0.473
0.562
0.476
0.466
0.462
0.403
0.462
0.461
0.466
0.464
0.463
0.560
0.397
0.467
0.472
0.466
0.472
0.462
0.559
0.464
0.467
0.476
0.481
0.467
0.567
0.463
0.463
0.561
0.559
0.462
0.460
0.461
0.569
0.467
0.463
0.469
0.561
0.478
0.563
0.561
0.468
0.450
0.468
0.466
0.467
0.482
0.390
0.465
0.463
0.437
0.471
0.466
0.474
0.464
0.466
0.477
0.472
0.488
0.563
0.473
0.559
0.495
0.462
0.471
0.462
0.480
0.461
0.483
0.563
0.465
0.462
0.563
0.469
0.471
0.566
0.465
0.563
0.464
0.468
0.480
0.507
0.468
0.398
0.466
0.563
0.559
0.458
0.466
0.464
0.565
0.435
0.475
0.562
0.473
0.466
0.465
0.464
0.463
0.520
0.562
0.564
0.562
0.562
0.467
0.469
0.589
0.466
0.476
0.495
0.458
0.465
0.462
0.478
0.467
0.465
0.464
0.471
0.565
0.462
0.472
0.471
0.471
0.462
0.563
0.465
0.563
0.477
0.467
0.459
0.469
0.461
0.470
0.459
0.397
0.568
0.490
0.465
0.460
0.469
0.468
0.558
0.463
0.461
0.565
0.472
0.569
0.563
0.462
0.555
0.564
0.419
0.462
0.466
0.470
0.465
0.460
0.466
0.567
0.462
0.479
0.469
0.463
0.473
0.565
0.460
0.467
0.470
0.562
0.470
0.564
0.465
0.473
0.463
0.476
0.467
0.472
0.463
0.477
0.462
0.467
0.565
0.561
0.569
0.468
0.473
0.466
0.481
0.463
0.462
0.465
0.464
0.480
0.461
0.460
0.563
0.561
0.564
0.505
0.400
0.472
0.459
0.466
0.464
0.465
0.562
0.560
0.473
0.474
0.535
0.565
0.461
0.462
0.489
0.473
0.571
0.470
0.463
0.567
0.484
0.470
0.561
0.453
0.462
0.560
0.458
0.466
0.463
0.469
0.562
0.560
0.468
0.460
0.466
0.465
0.469
0.462
0.470
0.463
0.460
0.563
0.558
0.458
0.462
0.571
0.564
0.460
0.565
0.400
0.457
0.578
0.464
0.458
0.477
0.458
0.469
0.463
0.428
0.462
0.469
0.459
0.563
0.561
0.565
0.392
0.462
0.459
0.468
0.456
0.560
0.483
0.562
0.457
0.561
0.567
0.439
0.458
0.461
0.469
0.474
0.466
0.456
0.560
0.401
0.461
0.462
0.470
0.397
0.465
0.459
0.458
0.558
0.558
0.470
0.460
0.468
0.460
0.463
0.474
0.563
0.474
0.471
0.472
0.566
0.562
0.462
0.464
0.470
0.462
0.472
0.526
0.465
0.470
0.559
0.457
0.455
0.456
0.561
0.563
0.460
0.469
0.397
0.474
0.464
0.466
0.461
0.458
0.471
0.461
0.564
0.563
0.565
0.523
0.456
0.535
0.624
0.524
0.525
0.637
0.516
0.474
0.465
0.462
0.567
0.463
0.461
0.462
0.474
0.461
0.463
0.462
0.564
0.472
0.562
0.456
0.398
0.469
0.475
0.469
0.570
0.565
0.462
0.461
0.485
0.462
0.563
0.460
0.566
0.566
0.521
0.469
0.520
0.464
0.461
0.481
0.463
0.399
0.564
0.462
0.468
0.461
0.473
0.567
0.585
0.566
0.461
0.564
0.465
0.564
0.458
0.469
0.462
0.402
0.395
0.541
0.604
0.464
0.466
0.466
0.567
0.562
0.474
0.461
0.461
0.461
0.460
0.475
0.464
0.463
0.462
0.458
0.561
0.567
0.461
0.477
0.462
0.457
0.465
0.460
0.480
0.467
0.469
0.388
0.460
0.460
0.465
0.457
0.457
0.462
0.460
0.565
0.470
0.458
0.565
0.460
0.563
0.569
0.461
0.478
0.461
0.468
0.407
0.564
0.369
0.568
0.469
0.471
0.467
0.461
0.489
0.563
0.543
0.618
0.536
0.605
0.485
0.457
0.466
0.463
0.458
0.469
0.459
0.469
0.459
0.477
0.466
0.473
0.564
0.394
0.458
0.576
0.564
0.564
0.491
0.462
0.460
0.508
0.469
0.456
0.541
0.560
0.470
0.561
0.459
0.465
0.463
0.466
0.461
0.389
0.465
0.470
0.456
0.457
0.456
0.559
0.457
0.464
0.562
0.468
0.457
0.460
0.562
0.490
0.564
0.457
0.455
0.455
0.456
0.565
0.459
0.459
0.624
0.593
0.469
0.397
0.401
0.466
0.458
0.458
0.460
0.459
0.464
0.563
0.460
0.462
0.460
0.458
0.469
0.456
0.473
0.458
0.564
0.583
0.461
0.466
0.457
0.464
0.461
0.461
0.562
0.486
0.459
0.564
0.463
0.561
0.401
0.459
0.464
0.462
0.456
0.457
0.459
0.459
0.458
0.561
0.463
0.562
0.458
0.560
0.563
0.466
0.470
0.457
0.456
0.466
0.465
0.562
0.464
0.521
0.611
0.608
0.568
0.565
0.460
0.459
0.465
0.464
0.460
0.489
0.463
0.567
0.469
0.471
0.463
0.471
0.473
0.466
0.465
0.474
0.561
0.568
0.510
0.460
0.562
0.462
0.564
0.468
0.470
0.457
0.460
0.462
0.464
0.461
0.562
0.475
0.456
0.457
0.459
0.566
0.460
0.463
0.561
0.462
0.477
0.561
0.458
0.561
0.454
0.462
0.459
0.460
0.455
0.461
0.458
0.399
0.563
0.467
0.562
0.463
0.400
0.457
0.457
0.403
0.465
0.407
0.462
0.453
0.464
0.455
0.458
0.453
0.563
0.462
0.570
0.465
0.459
0.463
0.459
0.461
0.506
0.463
0.467
0.459
0.461
0.455
0.486
0.562
0.561
0.564
0.460
0.460
0.563
0.459
0.462
0.460
0.462
0.459
0.460
0.453
0.459
0.403
0.562
0.460
0.453
0.462
0.459
0.463
0.564
0.807
0.453
0.464
0.456
0.464
0.565
0.455
0.469
0.458
0.563
0.562
0.466
0.562
0.456
0.467
0.454
0.460
0.466
0.562
0.457
0.400
0.458
0.456
0.460
0.458
0.455
0.562
0.461
0.447
0.461
0.563
0.457
0.503
0.469
0.458
0.562
0.458
0.458
0.462
0.563
0.459
0.461
0.399
0.459
0.463
0.472
0.564
0.563
0.459
0.568
0.461
0.460
0.563
0.466
0.483
0.456
0.809
0.456
0.457
0.563
0.566
0.455
0.458
0.466
0.456
0.397
0.470
0.469
0.562
0.478
0.456
0.462
0.460
0.475
0.452
0.473
0.462
0.454
0.469
0.460
0.461
0.451
0.455
0.474
0.404
0.459
0.456
0.564
0.454
0.453
0.471
0.495
0.459
0.455
0.460
0.453
0.560
0.454
0.562
0.454
0.565
0.460
0.463
0.451
0.455
0.451
0.457
0.454
0.408
0.452
0.480
0.462
0.463
0.460
0.458
0.454
0.463
0.487
0.391
0.561
0.561
0.393
0.452
0.406
0.500
0.400
0.456
0.476
0.469
0.456
0.478
0.560
0.396
0.482
0.454
0.464
0.524
0.459
0.457
0.455
0.569
0.607
0.484
0.563
0.564
0.545
0.531
0.562
0.405
0.566
0.565
0.480
0.562
0.405
0.490
0.461
0.405
0.354
0.458
0.454
0.542
0.395
0.384
0.467
0.485
0.561
0.405
0.563
0.461
0.399
0.462
0.402
0.401
0.494
0.392
0.563
0.462
0.455
0.471
0.468
0.397
0.466
0.460
0.493
0.460
0.561
0.463
0.473
0.495
0.395
0.386
0.455
0.469
0.470
0.400
0.464
0.406
0.487
0.560
0.406
0.400
0.462
0.535
0.459
0.396
0.402
0.563
0.562
0.471
0.462
0.564
0.404
0.490
0.458
0.493
0.408
0.399
0.487
0.562
0.473
0.572
0.470
0.563
0.398
0.474
0.463
0.485
0.474
0.458
0.398
0.403
0.489
0.460
0.475
0.465
0.460
0.401
0.400
0.478
0.484
0.400
0.394
0.485
0.380
0.477
0.395
0.485
0.561
0.563
0.411
0.567
0.397
0.565
0.399
0.561
0.470
0.417
0.557
0.485
0.508
0.459
0.487
0.563
0.562
0.458
0.561
0.563
0.566
0.410
0.398
0.458
0.563
0.392
0.397
0.561
0.560
0.498
0.486
0.403
0.564
0.405
0.397
0.562
0.563
0.400
0.415
0.368
0.388
0.384
0.480
0.489
0.487
0.403
0.401
0.394
0.488
0.460
0.559
0.406
0.392
0.566
0.396
0.403
0.566
0.397
0.560
0.483
0.395
0.401
0.562
0.403
0.567
0.520
0.455
0.465
0.562
0.402
0.517
0.335
0.369
0.544
0.546
0.550
0.566
0.482
0.401
0.406
0.459
0.459
0.394
0.416
0.398
0.405
0.392
0.398
0.401
0.564
0.559
0.401
0.559
0.562
0.365
0.406
0.403
0.562
0.475
0.475
0.560
0.393
0.391
0.398
0.413
0.396
0.364
0.452
0.394
0.410
0.565
0.400
0.474
0.405
0.561
0.400
0.406
0.410
0.390
0.561
0.470
0.396
0.501
0.411
0.411
0.566
0.562
0.561
0.561
0.392
0.398
0.466
0.400
0.514
0.399
0.401
0.562
0.406
0.393
0.568
0.392
0.564
0.488
0.568
0.395
0.399
0.351
0.564
0.390
0.560
0.400
0.400
0.463
0.400
0.562
0.398
0.399
0.476
0.396
0.398
0.393
0.399
0.399
0.406
0.560
0.564
0.395
0.397
0.564
0.405
0.529
0.564
0.492
0.398
0.457
0.416
0.565
0.399
0.398
0.400
0.505
0.403
0.399
0.562
0.398
0.561
0.373
0.458
0.562
0.381
0.373
0.564
0.394
0.371
0.390
0.370
0.468
0.365
0.397
0.403
0.371
0.365
0.462
0.351
0.374
0.390
0.369
0.402
0.393
0.602
0.404
0.404
0.566
0.400
0.564
0.563
0.365
0.365
0.349
0.453
0.382
0.457
0.406
0.404
0.367
0.399
0.402
0.412
0.405
0.562
0.412
0.398
0.468
0.563
0.562
0.402
0.409
0.565
0.356
0.398
0.366
0.564
0.559
0.380
0.365
0.565
0.558
0.560
0.482
0.566
0.562
0.350
0.458
0.365
0.388
0.454
0.409
0.370
0.559
0.564
0.564
0.565
0.410
0.562
0.561
0.560
0.401
0.405
0.394
0.367
0.397
0.386
0.563
0.411
0.380
0.413
0.415
0.393
0.461
0.387
0.400
0.399
0.372
0.397
0.401
0.401
0.561
0.565
0.401
0.561
0.405
0.408
0.397
0.407
0.398
0.401
0.372
0.398
0.562
0.564
0.563
0.399
0.358
0.560
0.412
0.399
0.403
0.460
0.397
0.488
0.560
0.562
0.399
0.397
0.395
0.398
0.562
0.398
0.399
0.400
0.560
0.494
0.397
0.395
0.370
0.402
0.400
0.399
0.399
0.562
0.403
0.562
0.403
0.403
0.562
0.354
0.395
0.454
0.371
0.374
0.560
0.400
0.397
0.398
0.367
0.411
0.458
0.374
0.368
0.561
0.353
0.559
0.355
0.469
0.399
0.397
0.560
0.461
0.402
0.397
0.576
0.564
0.399
0.399
0.563
0.413
0.562
0.368
0.360
0.403
0.401
0.563
0.471
0.402
0.402
0.562
0.564
0.563
0.399
0.397
0.563
0.416
0.400
0.408
0.564
0.404
0.451
0.563
0.563
0.411
0.399
0.566
0.398
0.413
0.401
0.404
0.400
0.415
0.399
0.459
0.404
0.569
0.467
0.467
0.404
0.489
0.403
0.397
0.566
0.375
0.568
0.391
0.563
0.563
0.563
0.399
0.400
0.475
0.475
0.566
0.562
0.405
0.399
0.371
0.411
0.561
0.455
0.399
0.399
0.400
0.565
0.405
0.562
0.415
0.400
0.405
0.563
0.371
0.400
0.490
0.401
0.404
0.398
0.459
0.399
0.402
0.401
0.399
0.346
0.409
0.347
0.382
0.465
0.404
0.562
0.400
0.454
0.496
0.460
0.413
0.402
0.394
0.463
0.564
0.466
0.375
0.397
0.400
0.561
0.563
0.360
0.542
0.562
0.401
0.562
0.407
0.402
0.365
0.401
0.378
0.401
0.470
0.400
0.406
0.394
0.400
0.563
0.400
0.402
0.401
0.562
0.401
0.399
0.370
0.563
0.393
0.563
0.396
0.401
0.367
0.562
0.556
0.414
0.564
0.572
0.562
0.521
0.406
0.565
0.404
0.563
0.428
0.564
0.405
0.565
0.399
0.407
0.372
0.427
0.402
0.386
0.398
0.409
0.428
0.402
0.564
0.371
0.402
0.563
0.405
0.402
0.566
0.474
0.396
0.563
0.372
0.400
0.397
0.400
0.401
0.565
0.400
0.542
0.482
0.563
0.405
0.401
0.399
0.562
0.403
0.452
0.478
0.553
0.565
0.403
0.484
0.448
0.562
0.402
0.551
0.401
0.415
0.397
0.387
0.408
0.397
0.406
0.405
0.400
0.415
0.399
0.400
0.405
0.411
0.413
0.401
0.406
0.568
0.512
0.406
0.400
0.402
0.562
0.563
0.403
0.405
0.403
0.404
0.411
0.414
0.405
0.410
0.410
0.409
0.411
0.412
0.500
0.402
0.407
0.563
0.411
0.566
0.399
0.416
0.403
0.562
0.407
0.410
0.559
0.403
0.561
0.405
0.407
0.418
0.407
0.407
0.567
0.404
0.517
0.399
0.406
0.365
0.389
0.562
0.411
0.418
0.563
0.568
0.560
0.570
0.402
0.414
0.406
0.390
0.399
0.457
0.411
0.406
0.417
0.405
0.404
0.411
0.421
0.563
0.559
0.409
0.408
0.408
0.408
0.411
0.415
0.567
0.420
0.412
0.577
0.561
0.570
0.406
0.400
0.407
0.560
0.416
0.563
0.387
0.421
0.401
0.403
0.565
0.413
0.419
0.422
0.405
0.405
0.406
0.408
0.565
0.408
0.413
0.421
0.426
0.375
0.410
0.563
0.569
0.388
0.423
0.392
0.531
0.418
0.392
0.560
0.422
0.425
0.410
0.406
0.425
0.405
0.358
0.415
0.410
0.401
0.563
0.566
0.413
0.411
0.463
0.403
0.439
0.400
0.410
0.562
0.565
0.406
0.400
0.410
0.408
0.387
0.417
0.565
0.560
0.561
0.414
0.432
0.437
0.412
0.408
0.411
0.563
0.416
0.415
0.425
0.413
0.413
0.417
0.419
0.414
0.388
0.412
0.562
0.562
0.412
0.573
0.414
0.561
0.419
0.572
0.561
0.407
0.409
0.416
0.422
0.441
0.545
0.562
0.403
0.412
0.401
0.422
0.422
0.564
0.425
0.439
0.414
0.435
0.412
0.444
0.566
0.395
0.422
0.420
0.399
0.426
0.405
0.571
0.423
0.418
0.563
0.427
0.455
0.403
0.436
0.426
0.432
0.566
0.421
0.402
0.427
0.565
0.562
0.446
0.427
0.442
0.463
0.459
0.405
0.419
0.428
0.431
0.431
0.397
0.431
0.428
0.431
0.561
0.564
0.429
0.441
0.445
0.432
0.430
0.399
0.433
0.565
0.564
0.569
0.434
0.451
0.433
0.420
0.437
0.430
0.447
0.432
0.559
0.427
0.414
0.560
0.435
0.437
0.423
0.428
0.449
0.563
0.452
0.441
0.407
0.441
0.444
0.440
0.561
0.565
0.562
0.561
0.561
0.562
0.436
0.430
0.459
0.561
0.475
0.442
0.439
0.566
0.562
0.570
0.443
0.571
0.398
0.574
0.562
0.415
0.451
0.396
0.458
0.472
0.443
0.562
0.445
0.424
0.401
0.447
0.464
0.394
0.563
0.503
0.565
0.445
0.452
0.476
0.405
0.560
0.462
0.448
0.556
0.401
0.453
0.562
0.450
0.427
0.452
0.452
0.452
0.560
0.466
0.486
0.560
0.450
0.455
0.562
0.561
0.453
0.568
0.407
0.469
0.536
0.391
0.495
0.487
0.418
0.564
0.569
0.411
0.470
0.455
0.559
0.560
0.524
0.453
0.459
0.467
0.564
0.486
0.411
0.455
0.407
0.530
0.556
0.451
0.456
0.413
0.568
0.461
0.451
0.465
0.559
0.408
0.560
0.560
0.461
0.465
0.469
0.562
0.400
0.463
0.464
0.463
0.466
0.460
0.402
0.395
0.450
0.464
0.560
0.398
0.560
0.468
0.567
0.468
0.473
0.467
0.565
0.469
0.453
0.394
0.562
0.465
0.474
0.466
0.476
0.418
0.473
0.419
0.477
0.561
0.560
0.470
0.465
0.492
0.467
0.560
0.473
0.429
0.453
0.471
0.473
0.563
0.564
0.581
0.482
0.440
0.562
0.494
0.563
0.477
0.566
0.475
0.562
0.476
0.562
0.477
0.476
0.393
0.476
0.473
0.481
0.467
0.501
0.482
0.482
0.478
0.478
0.442
0.565
0.480
0.561
0.562
0.480
0.564
0.562
0.557
0.509
0.478
0.480
0.480
0.481
0.483
0.466
0.484
0.479
0.573
0.483
0.563
0.491
0.482
0.507
0.486
0.458
0.484
0.432
0.484
0.484
0.548
0.487
0.491
0.488
0.563
0.485
0.488
0.486
0.411
0.462
0.464
0.469
0.487
0.576
0.484
0.560
0.561
0.395
0.576
0.489
0.561
0.491
0.516
0.517
0.436
0.489
0.392
0.398
0.563
0.494
0.492
0.479
0.493
0.563
0.496
0.494
0.515
0.519
0.499
0.493
0.560
0.563
0.565
0.582
0.563
0.566
0.499
0.486
0.495
0.493
0.495
0.520
0.505
0.499
0.498
0.564
0.560
0.566
0.499
0.567
0.495
0.567
0.491
0.391
0.502
0.522
0.523
0.530
0.575
0.562
0.506
0.497
0.391
0.563
0.502
0.567
0.398
0.394
0.498
0.505
0.530
0.501
0.561
0.506
0.394
0.393
0.562
0.506
0.507
0.506
0.460
0.568
0.506
0.510
0.529
0.491
0.510
0.506
0.494
0.505
0.563
0.509
0.475
0.509
0.510
0.504
0.507
0.515
0.373
0.548
0.498
0.509
0.511
0.473
0.514
0.566
0.567
0.562
0.505
0.513
0.451
0.515
0.520
0.557
0.527
0.391
0.514
0.566
0.515
0.549
0.471
0.514
0.522
0.518
0.517
0.497
0.562
0.546
0.553
0.522
0.518
0.519
0.562
0.562
0.515
0.519
0.520
0.563
0.513
0.519
0.520
0.517
0.512
0.498
0.523
0.528
0.525
0.521
0.519
0.562
0.522
0.564
0.361
0.512
0.546
0.526
0.529
0.544
0.523
0.533
0.536
0.523
0.525
0.528
0.563
0.562
0.525
0.506
0.563
0.528
0.563
0.392
0.394
0.560
0.527
0.501
0.529
0.532
0.528
0.531
0.527
0.547
0.391
0.530
0.532
0.554
0.562
0.477
0.564
0.533
0.474
0.531
0.532
0.532
0.536
0.533
0.561
0.396
0.531
0.549
0.558
0.407
0.389
0.375
0.526
0.577
0.575
0.526
0.520
0.535
0.535
0.394
0.537
0.539
0.555
0.540
0.542
0.523
0.543
0.521
0.562
0.537
0.395
0.539
0.565
0.540
0.541
0.487
0.402
0.561
0.540
0.538
0.614
0.541
0.412
0.561
0.564
0.568
0.544
0.549
0.405
0.540
0.514
0.552
0.578
0.487
0.545
0.544
0.543
0.562
0.563
0.561
0.560
0.543
0.549
0.541
0.545
0.579
0.402
0.448
0.500
0.551
0.553
0.548
0.561
0.533
0.551
0.563
0.566
0.560
0.548
0.562
0.538
0.560
0.543
0.552
0.552
0.552
0.561
0.556
0.566
0.571
0.557
0.495
0.556
0.579
0.555
0.558
0.562
0.562
0.554
0.554
0.399
0.490
0.557
0.560
0.553
0.557
0.570
0.578
0.495
0.551
0.513
0.566
0.569
0.568
0.557
0.578
0.562
0.565
0.514
0.562
0.575
0.563
0.579
0.392
0.550
0.566
0.562
0.562
0.546
0.556
0.561
0.562
0.550
0.395
0.499
0.559
0.557
0.554
0.578
0.565
0.410
0.568
0.564
0.560
0.563
0.563
0.564
0.560
0.565
0.533
0.561
0.563
0.584
0.573
0.579
0.562
0.547
0.563
0.563
0.554
0.565
0.563
0.562
0.562
0.562
0.558
0.567
0.565
0.565
0.405
0.567
0.563
0.564
0.564
0.562
0.421
0.404
0.404
0.574
0.560
0.588
0.562
0.562
0.605
0.393
0.559
0.562
0.562
0.562
0.406
0.563
0.566
0.417
0.564
0.607
0.405
0.411
0.562
0.562
0.500
0.394
0.560
0.563
0.558
0.571
0.620
0.409
0.579
0.582
0.559
0.560
0.560
0.497
0.573
0.563
0.562
0.561
0.406
0.581
0.564
0.410
0.575
0.590
0.432
0.563
0.574
0.560
0.572
0.574
0.561
0.559
0.558
0.583
0.572
0.561
0.575
0.604
0.595
0.559
0.621
0.571
0.576
0.566
0.563
0.561
0.261
0.588
0.562
0.560
0.563
0.580
0.591
0.572
0.567
0.562
0.561
0.560
0.561
0.561
0.562
0.560
0.561
0.563
0.564
0.507
0.571
0.561
0.397
0.545
0.506
0.542
0.531
0.561
0.562
0.564
0.563
0.562
0.417
0.396
0.575
0.561
0.544
0.562
0.560
0.563
0.572
0.563
0.528
0.562
0.563
0.554
0.563
0.553
0.426
0.561
0.403
0.505
0.594
0.569
0.566
0.566
0.572
0.563
0.576
0.562
0.566
0.564
0.557
0.606
0.562
0.565
0.561
0.535
0.535
0.563
0.559
0.561
0.580
0.581
0.578
0.577
0.567
0.562
0.564
0.564
0.571
0.561
0.560
0.566
0.561
0.568
0.561
0.564
0.578
0.577
0.594
0.539
0.548
0.567
0.563
0.497
0.577
0.578
0.562
0.562
0.561
0.575
0.561
0.572
0.587
0.416
0.563
0.618
0.611
0.569
0.566
0.563
0.564
0.576
0.567
0.562
0.567
0.566
0.579
0.585
0.566
0.544
0.565
0.514
0.565
0.565
0.560
0.566
0.560
0.572
0.391
0.552
0.563
0.550
0.568
0.570
0.562
0.513
0.562
0.565
0.424
0.512
0.562
0.563
0.574
0.563
0.557
0.576
0.540
0.561
0.576
0.579
0.564
0.550
0.566
0.567
0.577
0.561
0.561
0.579
0.561
0.590
0.573
0.562
0.562
0.534
0.584
0.598
0.581
0.578
0.563
0.431
0.577
0.391
0.564
0.600
0.604
0.563
0.565
0.562
0.563
0.585
0.574
0.490
0.579
0.562
0.563
0.560
0.561
0.588
0.578
0.562
0.575
0.563
0.574
0.517
0.561
0.561
0.564
0.561
0.557
0.555
0.573
0.424
0.610
0.561
0.559
0.556
0.564
0.565
0.391
0.562
0.392
0.577
0.562
0.582
0.564
0.563
0.575
0.502
0.513
0.548
0.579
0.565
0.506
0.417
0.625
0.612
0.600
0.589
0.478
0.569
0.563
0.608
0.577
0.586
0.561
0.568
0.562
0.565
0.576
0.427
0.578
0.562
0.574
0.564
0.425
0.434
0.535
0.564
0.562
0.575
0.562
0.584
0.498
0.576
0.577
0.562
0.561
0.581
0.564
0.525
0.583
0.393
0.418
0.559
0.560
0.572
0.575
0.583
0.550
0.560
0.563
0.561
0.565
0.540
0.567
0.561
0.474
0.569
0.568
0.565
0.565
0.563
0.508
0.565
0.605
0.429
0.526
0.566
0.577
0.596
0.542
0.578
0.391
0.554
0.389
0.487
0.580
0.567
0.567
0.569
0.564
0.392
0.559
0.593
0.560
0.563
0.565
0.570
0.560
0.563
0.560
0.575
0.563
0.561
0.562
0.547
0.561
0.587
0.561
0.557
0.561
0.565
0.401
0.570
0.564
0.559
0.560
0.625
0.458
0.537
0.392
0.594
0.390
0.544
0.563
0.567
0.390
0.559
0.392
0.565
0.569
0.561
0.540
0.561
0.423
0.571
0.539
0.560
0.567
0.564
0.561
0.565
0.564
0.395
0.563
0.569
0.567
0.563
0.564
0.572
0.564
0.565
0.563
0.627
0.562
0.561
0.563
0.568
0.562
0.562
0.504
0.568
0.563
0.595
0.569
0.570
0.558
0.563
0.562
0.568
0.563
0.564
0.575
0.579
0.396
0.581
0.562
0.605
0.393
0.577
0.563
0.562
0.561
0.486
0.562
0.559
0.576
0.572
0.563
0.563
0.568
0.604
0.391
0.590
0.563
0.563
0.560
0.405
0.576
0.563
0.509
0.575
0.515
0.499
0.391
0.597
0.567
0.393
0.576
0.568
0.562
0.562
0.562
0.560
0.563
0.397
0.564
0.563
0.560
0.584
0.568
0.559
0.557
0.558
0.512
0.516
0.566
0.565
0.562
0.563
0.561
0.571
0.576
0.583
0.561
0.562
0.561
0.558
0.560
0.572
0.389
0.578
0.562
0.579
0.561
0.391
0.565
0.560
0.392
0.566
0.561
0.565
0.574
0.560
0.572
0.572
0.562
0.581
0.519
0.568
0.397
0.521
0.389
0.398
0.561
0.565
0.629
0.561
0.580
0.564
0.574
0.565
0.579
0.569
0.562
0.564
0.565
0.581
0.534
0.566
0.557
0.565
0.562
0.551
0.524
0.576
0.559
0.558
0.561
0.568
0.560
0.388
0.585
0.564
0.589
0.560
0.390
0.559
0.561
0.563
0.559
0.574
0.394
0.552
0.567
0.593
0.404
0.569
0.569
0.562
0.556
0.519
0.574
0.564
0.560
0.561
0.563
0.562
0.556
0.585
0.574
0.580
0.579
0.560
0.574
0.573
0.578
0.572
0.564
0.560
0.562
0.562
0.560
0.561
0.582
0.388
0.568
0.583
0.571
0.576
0.576
0.560
0.578
0.560
0.558
0.561
0.564
0.389
0.585
0.561
0.514
0.561
0.561
0.559
0.562
0.560
0.418
0.579
0.579
0.398
0.561
0.563
0.606
0.491
0.564
0.578
0.508
0.576
0.540
0.563
0.573
0.577
0.581
0.580
0.531
0.563
0.550
0.576
0.579
0.565
0.561
0.563
0.566
0.566
0.562
0.569
0.568
0.562
0.563
0.564
0.592
0.559
0.563
0.561
0.489
0.562
0.579
0.577
0.541
