0.443
0.381
0.404
0.400
0.378
0.407
0.381
0.462
0.377
0.379
0.374
0.373
0.370
0.384
0.367
0.327
0.289
0.292
0.393
0.288
0.331
0.385
0.390
0.379
0.377
0.308
0.375
0.374
0.368
0.287
0.369
0.369
0.371
0.334
0.361
0.360
0.364
0.353
0.354
0.357
0.353
0.357
0.353
0.351
0.312
0.318
0.294
0.353
0.314
0.349
0.344
0.345
0.317
0.350
0.345
0.343
0.295
0.349
0.343
0.342
0.341
0.343
0.347
0.333
0.336
0.335
0.333
0.332
0.332
0.330
0.330
0.333
0.328
0.331
0.329
0.330
0.329
0.329
0.330
0.331
0.328
0.334
0.340
0.332
0.330
0.344
0.341
0.337
0.330
0.333
0.328
0.328
0.327
0.332
0.329
0.330
0.328
0.335
0.334
0.329
