0.403
0.378
0.369
0.331
0.369
0.377
0.370
0.335
0.393
0.363
0.327
0.369
0.372
0.368
0.369
0.369
0.361
0.363
0.393
0.455
0.455
0.453
0.459
0.470
0.462
0.332
0.431
0.374
0.372
0.372
0.370
0.347
0.329
0.322
0.316
0.323
0.341
0.366
0.364
0.363
0.370
0.380
0.360
0.469
0.457
0.457
0.400
0.455
0.458
0.453
0.456
0.455
0.455
0.452
0.460
0.454
0.454
0.457
0.454
0.455
0.458
0.456
0.456
0.370
0.340
0.451
0.454
0.457
0.452
0.453
0.454
0.458
0.455
0.455
0.455
0.453
0.459
0.454
0.453
0.454
0.455
0.454
0.456
0.456
0.457
0.454
0.452
0.370
0.331
0.324
0.326
0.323
0.317
0.297
0.318
0.296
0.312
0.364
0.325
0.363
0.364
0.323
0.322
0.323
0.322
0.319
0.313
0.312
0.372
0.299
0.368
0.369
0.368
0.332
0.325
0.324
0.299
0.299
0.298
0.368
0.302
0.378
0.363
0.363
0.327
0.323
0.323
0.313
0.313
0.314
0.322
0.313
0.447
0.456
0.454
0.454
0.365
0.435
0.353
0.361
0.415
0.747
0.366
0.374
0.364
0.362
0.449
0.454
0.453
0.412
0.462
0.459
0.463
0.459
0.460
0.458
0.465
0.395
0.462
0.460
0.370
0.460
0.460
0.463
0.459
0.460
0.337
0.299
0.326
0.315
0.323
0.327
0.327
0.303
0.310
0.328
0.325
0.455
0.463
0.459
0.459
0.458
0.459
0.460
0.458
0.464
0.461
0.459
0.466
0.459
0.459
0.463
0.463
0.466
0.411
0.457
0.459
0.459
0.462
0.458
0.462
0.461
0.461
0.458
0.466
0.462
0.461
0.469
0.460
0.462
0.465
0.461
0.457
0.461
0.459
0.458
0.461
0.472
0.460
0.459
0.467
0.458
0.459
0.462
0.460
0.459
0.461
0.460
0.458
0.460
0.460
0.460
0.458
0.457
0.460
0.463
0.464
0.457
0.463
0.453
0.460
0.459
0.453
0.461
0.461
0.458
0.459
0.461
0.459
0.477
0.399
0.437
0.468
0.460
0.459
0.458
0.460
0.390
0.373
0.462
0.461
0.459
0.462
0.460
0.458
0.457
0.460
0.458
0.466
0.461
0.459
0.462
0.459
0.460
0.458
0.454
0.460
0.459
0.460
0.460
0.458
0.393
0.372
0.369
0.466
0.459
0.459
0.463
0.460
0.460
0.462
0.370
0.454
0.462
0.459
0.464
0.461
0.459
0.459
0.458
0.462
0.461
0.460
0.461
0.468
0.383
0.459
0.457
0.409
0.458
0.458
0.460
0.461
0.461
0.459
0.460
0.467
0.465
0.459
0.458
0.460
0.459
0.458
0.460
0.465
0.461
0.460
0.459
0.459
0.460
0.460
0.459
0.472
0.463
0.464
0.461
0.461
0.463
0.459
0.460
0.457
0.460
0.459
0.459
0.458
0.389
0.461
0.464
0.470
0.454
0.462
0.459
0.458
0.458
0.460
0.459
0.461
0.407
0.458
0.459
0.461
0.463
0.460
0.458
0.467
0.418
0.460
0.462
0.459
0.397
0.475
0.459
0.462
0.487
0.302
0.302
0.324
0.325
0.299
0.325
0.328
0.326
0.324
0.325
0.325
0.455
0.459
0.394
0.372
0.369
0.367
0.367
0.369
0.367
0.336
0.459
0.373
0.368
0.367
0.370
0.369
0.368
0.327
0.326
0.312
0.370
0.367
0.369
0.326
0.324
0.325
0.300
0.300
0.368
0.326
0.398
0.461
0.458
0.457
0.300
0.459
0.367
0.374
0.368
0.369
0.464
0.461
0.473
0.464
0.458
0.460
0.459
0.460
0.463
0.465
0.458
0.459
0.458
0.462
0.459
0.459
0.460
0.458
0.458
0.469
0.459
0.456
0.463
0.459
0.453
0.460
0.464
0.460
0.459
0.375
0.460
0.461
0.394
0.462
0.441
0.464
0.458
0.458
0.458
0.461
0.451
0.462
0.460
0.460
0.458
0.458
0.461
0.459
0.463
0.461
0.458
0.464
0.461
0.458
0.461
0.461
0.459
0.305
0.326
0.325
0.325
0.328
0.325
0.326
0.325
0.326
0.326
0.361
0.370
0.371
0.371
0.458
0.459
0.458
0.460
0.460
0.413
0.413
0.461
0.462
0.459
0.458
0.460
0.465
0.370
0.456
0.462
0.459
0.459
0.459
0.455
0.462
0.461
0.453
0.461
0.458
0.463
0.459
0.458
0.467
0.461
0.396
0.461
0.460
0.459
0.461
0.459
0.462
0.461
0.415
0.461
0.460
0.461
0.457
0.402
0.461
0.461
0.463
0.462
0.461
0.464
0.460
0.467
0.461
0.460
0.459
0.461
0.459
0.458
0.461
0.461
0.466
0.460
0.459
0.464
0.459
0.461
0.459
0.387
0.459
0.461
0.458
0.397
0.460
0.460
0.460
0.460
0.467
0.458
0.368
0.383
0.332
0.325
0.326
0.325
0.297
0.303
0.297
0.297
0.297
0.367
0.300
0.369
0.370
0.369
0.368
0.326
0.328
0.325
0.327
0.324
0.327
0.324
0.454
0.460
0.459
0.467
0.464
0.459
0.466
0.460
0.452
0.461
0.458
0.462
0.460
0.463
0.461
0.460
0.406
0.462
0.459
0.465
0.461
0.458
0.466
0.459
0.462
0.459
0.461
0.461
0.461
0.460
0.463
0.459
0.462
0.462
0.459
0.461
0.460
0.459
0.464
0.457
0.484
0.460
0.460
0.459
0.462
0.461
0.461
0.462
0.464
0.461
0.459
0.462
0.462
0.472
0.463
0.461
0.460
0.459
0.465
0.461
0.463
0.460
0.462
0.460
0.462
0.457
0.460
0.458
0.458
0.463
0.465
0.461
0.459
0.457
0.462
0.459
0.458
0.461
0.462
0.460
0.459
0.455
0.462
0.460
0.461
0.462
0.463
0.463
0.461
0.371
0.459
0.460
0.459
0.461
0.459
0.458
0.369
0.369
0.369
0.369
0.369
0.368
0.371
0.370
0.369
0.367
0.326
0.325
0.452
0.459
0.459
0.461
0.459
0.462
0.460
0.462
0.394
0.463
0.464
0.459
0.458
0.461
0.458
0.460
0.428
0.459
0.464
0.460
0.459
0.463
0.463
0.459
0.466
0.459
0.464
0.458
0.460
0.463
0.450
0.372
0.372
0.454
0.459
0.390
0.458
0.458
0.462
0.459
0.461
0.405
0.465
0.460
0.464
0.459
0.462
0.460
0.461
0.463
0.461
0.461
0.461
0.464
0.459
0.462
0.458
0.487
0.305
0.328
0.328
0.325
0.326
0.328
0.325
0.324
0.326
0.328
0.345
0.460
0.461
0.454
0.459
0.460
0.466
0.459
0.371
0.466
0.461
0.462
0.461
0.459
0.344
0.462
0.464
0.415
0.460
0.463
0.461
0.462
0.468
0.460
0.459
0.466
0.461
0.459
0.464
0.460
0.461
0.462
0.462
0.465
0.461
0.460
0.460
0.461
0.464
0.459
0.461
0.464
0.457
0.459
0.460
0.458
0.461
0.462
0.387
0.370
0.365
0.461
0.460
0.460
0.467
0.462
0.460
0.458
0.472
0.460
0.462
0.390
0.455
0.461
0.459
0.460
0.461
0.459
0.458
0.462
0.465
0.460
0.460
0.460
0.369
0.368
0.371
0.368
0.368
0.368
0.371
0.322
0.370
0.369
0.371
0.457
0.466
0.463
0.459
0.462
0.459
0.460
0.459
0.467
0.459
0.459
0.458
0.460
0.458
0.464
0.460
0.463
0.466
0.458
0.461
0.458
0.462
0.463
0.460
0.462
0.461
0.458
0.462
0.459
0.460
0.461
0.459
0.467
0.466
0.459
0.459
0.460
0.459
0.458
0.459
0.462
0.461
0.461
0.460
0.460
0.459
0.459
0.464
0.388
0.460
0.459
0.459
0.460
0.458
0.460
0.461
0.465
0.455
0.459
0.459
0.461
0.461
0.354
0.461
0.457
0.383
0.462
0.460
0.458
0.461
0.459
0.462
0.371
0.370
0.457
0.459
0.461
0.461
0.462
0.458
0.463
0.462
0.397
0.460
0.459
0.460
0.461
0.463
0.460
0.459
0.438
0.465
0.459
0.466
0.462
0.461
0.458
0.463
0.463
0.462
0.462
0.459
0.463
0.462
0.458
0.459
0.459
0.460
0.458
0.460
0.459
0.460
0.463
0.466
0.458
0.461
0.459
0.467
0.459
0.460
0.464
0.462
0.460
0.453
0.379
0.461
0.460
0.461
0.393
0.467
0.459
0.423
0.459
0.461
0.457
0.464
0.459
0.463
0.461
0.463
0.460
0.458
0.461
0.462
0.460
0.464
0.465
0.465
0.459
0.459
0.461
0.459
0.458
0.464
0.462
0.461
0.460
0.460
0.460
0.459
0.461
0.474
0.457
0.368
0.484
0.462
0.461
0.460
0.460
0.460
0.459
0.463
0.409
0.455
0.458
0.465
0.459
0.466
0.457
0.464
0.414
0.459
0.462
0.460
0.459
0.459
0.463
0.459
0.466
0.458
0.463
0.459
0.400
0.461
0.461
0.459
0.468
0.381
0.463
0.461
0.458
0.462
0.462
0.460
0.459
0.456
0.459
0.459
0.461
0.466
0.458
0.458
0.460
0.393
0.458
0.459
0.405
0.459
0.457
0.461
0.461
0.463
0.459
0.462
0.458
0.464
0.461
0.463
0.462
0.467
0.463
0.459
0.462
0.458
0.462
0.458
0.369
0.369
0.468
0.459
0.459
0.465
0.463
0.461
0.460
0.461
0.406
0.461
0.460
0.460
0.458
0.458
0.464
0.460
0.462
0.404
0.463
0.463
0.459
0.402
0.454
0.460
0.459
0.460
0.460
0.460
0.457
0.462
0.459
0.458
0.459
0.457
0.457
0.463
0.460
0.461
0.459
0.462
0.463
0.466
0.461
0.461
0.460
0.459
0.458
0.465
0.460
0.394
0.457
0.467
0.461
0.463
0.460
0.461
0.460
0.463
0.459
0.464
0.459
0.461
0.463
0.462
0.459
0.465
0.461
0.468
0.459
0.463
0.464
0.459
0.461
0.463
0.457
0.460
0.460
0.462
0.462
0.464
0.461
0.459
0.463
0.464
0.464
0.462
0.460
0.458
0.462
0.463
0.464
0.460
0.460
0.458
0.462
0.462
0.459
0.372
0.465
0.466
0.460
0.461
0.460
0.461
0.459
0.459
0.465
0.460
0.459
0.461
0.465
0.461
0.459
0.466
0.465
0.465
0.460
0.398
0.457
0.460
0.462
0.461
0.461
0.461
0.459
0.463
0.460
0.460
0.467
0.460
0.466
0.466
0.460
0.458
0.459
0.391
0.461
0.463
0.460
0.456
0.461
0.460
0.462
0.460
0.459
0.459
0.460
0.383
0.351
0.336
0.332
0.370
0.381
0.367
0.369
0.369
0.340
0.333
0.352
0.455
0.459
0.459
0.459
0.462
0.459
0.465
0.461
0.459
0.459
0.460
0.407
0.376
0.374
0.374
0.397
0.371
0.371
0.368
0.368
0.372
0.368
0.369
0.368
0.368
0.400
0.461
0.462
0.460
0.461
0.459
0.460
0.460
0.458
0.461
0.368
0.374
0.368
0.369
0.371
0.368
0.327
0.327
0.388
0.457
0.464
0.463
0.460
0.458
0.409
0.461
0.460
0.462
0.461
0.460
0.459
0.461
0.463
0.463
0.459
0.456
0.458
0.460
0.460
0.460
0.355
0.462
0.459
0.409
0.461
0.461
0.459
0.463
0.458
0.459
0.461
0.475
0.461
0.459
0.462
0.459
0.460
0.465
0.460
0.474
0.462
0.461
0.463
0.458
0.457
0.461
0.463
0.470
0.331
0.326
0.324
0.326
0.325
0.326
0.330
0.326
0.325
0.325
0.324
0.460
0.463
0.459
0.460
0.462
0.458
0.459
0.460
0.458
0.458
0.460
0.461
0.464
0.460
0.462
0.460
0.491
0.459
0.460
0.462
0.461
0.461
0.461
0.463
0.465
0.461
0.460
0.460
0.462
0.414
0.462
0.458
0.461
0.461
0.459
0.460
0.462
0.460
0.462
0.463
0.468
0.461
0.460
0.458
0.463
0.460
0.463
0.464
0.429
0.329
0.326
0.327
0.325
0.325
0.326
0.325
0.325
0.328
0.325
0.357
0.467
0.461
0.461
0.459
0.461
0.459
0.462
0.460
0.459
0.462
0.463
0.460
0.458
0.462
0.459
0.459
0.471
0.458
0.464
0.463
0.462
0.462
0.387
0.459
0.403
0.458
0.459
0.459
0.461
0.460
0.458
0.460
0.436
0.461
0.457
0.461
0.458
0.466
0.459
0.462
0.466
0.461
0.462
0.460
0.462
0.460
0.462
0.460
0.491
0.331
0.328
0.326
0.326
0.326
0.325
0.324
0.325
0.326
0.326
0.353
0.461
0.462
0.460
0.460
0.470
0.461
0.463
0.457
0.460
0.460
0.461
0.462
0.465
0.462
0.461
0.459
0.463
0.462
0.459
0.462
0.466
0.463
0.461
0.460
0.466
0.460
0.461
0.465
0.463
0.376
0.460
0.460
0.399
0.372
0.460
0.464
0.465
0.462
0.400
0.372
0.369
0.480
0.460
0.459
0.462
0.459
0.389
0.459
0.460
0.426
0.462
0.461
0.470
0.459
0.460
0.461
0.461
0.418
0.368
0.328
0.325
0.326
0.324
0.302
0.297
0.298
0.296
0.324
0.301
0.327
0.299
0.331
0.299
0.325
0.299
0.324
0.300
0.324
0.298
0.324
0.318
0.459
0.464
0.460
0.466
0.457
0.459
0.459
0.465
0.459
0.460
0.462
0.463
0.461
0.458
0.459
0.459
0.457
0.462
0.462
0.465
0.462
0.460
0.463
0.460
0.456
0.458
0.462
0.459
0.462
0.460
0.462
0.463
0.402
0.460
0.462
0.465
0.457
0.457
0.459
0.389
0.375
0.461
0.461
0.458
0.460
0.460
0.460
0.460
0.459
0.458
0.458
0.466
0.460
0.461
0.460
0.461
0.459
0.455
0.462
0.459
0.461
0.461
0.462
0.459
0.459
0.477
0.460
0.465
0.463
0.462
0.460
0.459
0.466
0.403
0.461
0.459
0.459
0.459
0.459
0.455
0.460
0.442
0.462
0.466
0.460
0.461
0.462
0.459
0.459
0.464
0.461
0.460
0.459
0.460
0.461
0.462
0.369
0.369
0.449
0.466
0.459
0.461
0.461
0.352
0.462
0.459
0.422
0.460
0.464
0.460
0.459
0.461
0.461
0.461
0.466
0.376
0.461
0.461
0.461
0.459
0.458
0.461
0.461
0.456
0.460
0.461
0.461
0.461
0.460
0.459
0.464
0.453
0.464
0.460
0.461
0.460
0.465
0.460
0.371
0.371
0.462
0.462
0.458
0.462
0.460
0.460
0.459
0.471
0.464
0.465
0.461
0.460
0.458
0.458
0.460
0.486
0.303
0.299
0.324
0.326
0.328
0.326
0.326
0.329
0.326
0.326
0.325
0.456
0.462
0.461
0.462
0.461
0.387
0.464
0.461
0.399
0.460
0.463
0.458
0.465
0.460
0.462
0.458
0.415
0.393
0.463
0.459
0.461
0.461
0.459
0.464
0.460
0.306
0.325
0.299
0.331
0.327
0.324
0.330
0.327
0.325
0.329
0.325
0.459
0.461
0.458
0.462
0.369
0.368
0.368
0.370
0.377
0.457
0.464
0.459
0.368
0.370
0.368
0.371
0.368
0.369
0.400
0.459
0.369
0.369
0.370
0.372
0.371
0.326
0.328
0.325
0.370
0.371
0.368
0.368
0.327
0.326
0.325
0.298
0.296
0.325
0.299
0.377
0.372
0.326
0.323
0.322
0.323
0.315
0.294
0.315
0.361
0.328
0.364
0.365
0.369
0.362
0.362
0.364
0.363
0.324
0.325
0.321
0.355
0.457
0.455
0.453
0.362
0.363
0.364
0.362
0.364
0.327
0.449
0.362
0.366
0.361
0.364
0.363
0.363
0.323
0.323
0.323
0.324
0.313
0.313
0.314
0.311
0.311
0.312
0.362
0.328
0.361
0.363
0.339
0.451
0.453
0.455
0.453
0.457
0.454
0.454
0.454
0.456
0.397
0.453
0.456
0.456
0.455
0.453
0.364
0.365
0.454
0.453
0.452
0.454
0.457
0.454
0.459
0.460
0.371
0.369
0.369
0.366
0.363
0.298
0.362
0.364
0.363
0.360
0.451
0.458
0.454
0.456
0.455
0.454
0.453
0.458
0.397
0.466
0.457
0.459
0.461
0.462
0.460
0.460
0.466
0.462
0.461
0.461
0.461
0.458
0.462
0.464
0.465
0.466
0.462
0.459
0.459
0.463
0.465
0.461
0.462
0.460
0.462
0.462
0.459
0.461
0.460
0.460
0.463
0.467
0.461
0.458
0.464
0.461
0.458
0.460
0.465
0.466
0.460
0.461
0.462
0.462
0.460
0.464
0.460
0.460
0.462
0.399
0.461
0.462
0.356
0.463
0.463
0.402
0.460
0.460
0.462
0.459
0.461
0.460
0.460
0.470
0.458
0.460
0.458
0.463
0.461
0.463
0.462
0.465
0.460
0.459
0.476
0.461
0.459
0.459
0.463
0.470
0.369
0.369
0.371
0.370
0.370
0.367
0.370
0.371
0.368
0.401
0.459
0.459
0.459
0.459
0.462
0.462
0.458
0.463
0.461
0.459
0.369
0.370
0.370
0.369
0.370
0.370
0.372
0.375
0.463
0.460
0.461
0.466
0.460
0.460
0.460
0.454
0.503
0.409
0.463
0.462
0.460
0.459
0.461
0.459
0.463
0.466
0.461
0.466
0.462
0.460
0.463
0.462
0.462
0.467
0.388
0.460
0.465
0.460
0.459
0.462
0.458
0.463
0.455
0.466
0.465
0.462
0.459
0.459
0.458
0.461
0.459
0.374
0.373
0.372
0.460
0.463
0.459
0.465
0.384
0.310
0.369
0.327
0.328
0.326
0.326
0.296
0.298
0.297
0.369
0.303
0.372
0.368
0.368
0.369
0.371
0.373
0.367
0.370
0.371
0.369
0.458
0.460
0.459
0.460
0.461
0.389
0.464
0.457
0.404
0.461
0.460
0.389
0.460
0.460
0.459
0.461
0.466
0.462
0.458
0.462
0.460
0.463
0.465
0.459
0.464
0.460
0.459
0.463
0.460
0.459
0.460
0.460
0.458
0.461
0.459
0.459
0.457
0.460
0.468
0.466
0.458
0.461
0.459
0.465
0.460
0.455
0.459
0.463
0.460
0.478
0.460
0.459
0.461
0.460
0.462
0.395
0.368
0.372
0.463
0.465
0.462
0.461
0.459
0.461
0.459
0.488
0.302
0.298
0.370
0.368
0.369
0.372
0.369
0.369
0.370
0.374
0.457
0.463
0.460
0.373
0.453
0.389
0.461
0.460
0.403
0.464
0.461
0.462
0.463
0.460
0.459
0.463
0.467
0.460
0.459
0.460
0.463
0.459
0.462
0.462
0.464
0.461
0.459
0.461
0.459
0.464
0.459
0.466
0.460
0.461
0.460
0.458
0.461
0.460
0.461
0.458
0.459
0.452
0.464
0.461
0.463
0.460
0.459
0.462
0.459
0.457
0.459
0.459
0.461
0.461
0.462
0.460
0.461
0.394
0.459
0.465
0.458
0.461
0.467
0.464
0.460
0.444
0.460
0.462
0.385
0.459
0.461
0.454
0.463
0.463
0.370
0.370
0.369
0.369
0.369
0.372
0.369
0.375
0.372
0.390
0.463
0.461
0.463
0.462
0.469
0.467
0.464
0.467
0.464
0.463
0.462
0.466
0.462
0.463
0.464
0.465
0.462
0.462
0.462
0.459
0.464
0.464
0.460
0.490
0.374
0.369
0.371
0.374
0.371
0.368
0.370
0.370
0.372
0.334
0.463
0.462
0.460
0.461
0.463
0.461
0.460
0.489
0.458
0.375
0.373
0.370
0.370
0.376
0.371
0.369
0.369
0.370
0.461
0.463
0.460
0.462
0.466
0.462
0.461
0.410
0.461
0.463
0.462
0.464
0.464
0.464
0.464
0.469
0.465
0.466
0.461
0.462
0.460
0.461
0.463
0.470
0.459
0.464
0.464
0.460
0.463
0.461
0.463
0.466
0.461
0.463
0.461
0.466
0.465
0.463
0.370
0.470
0.462
0.461
0.461
0.462
0.460
0.461
0.463
0.462
0.462
0.460
0.461
0.461
0.463
0.459
0.462
0.466
0.368
0.368
0.370
0.370
0.372
0.373
0.368
0.370
0.369
0.402
0.464
0.464
0.459
0.462
0.465
0.464
0.459
0.463
0.460
0.460
0.461
0.461
0.465
0.461
0.462
0.466
0.463
0.459
0.463
0.465
0.462
0.464
0.462
0.461
0.464
0.462
0.461
0.463
0.460
0.465
0.463
0.461
0.465
0.460
0.465
0.462
0.466
0.468
0.465
0.461
0.467
0.463
0.466
0.466
0.463
0.464
0.462
0.462
0.468
0.461
0.462
0.462
0.464
0.466
0.470
0.466
0.342
0.303
0.301
0.300
0.370
0.370
0.390
0.372
0.370
0.370
0.372
0.463
0.465
0.469
0.463
0.463
0.462
0.465
0.467
0.464
0.462
0.465
0.463
0.460
0.468
0.466
0.465
0.401
0.464
0.469
0.461
0.462
0.463
0.462
0.457
0.464
0.465
0.371
0.464
0.463
0.464
0.461
0.467
0.463
0.464
0.468
0.464
0.373
0.463
0.463
0.465
0.467
0.462
0.461
0.463
0.462
0.463
0.465
0.464
0.460
0.463
0.467
0.462
0.465
0.466
0.462
0.489
0.372
0.373
0.371
0.372
0.375
0.372
0.372
0.371
0.369
0.374
0.469
0.463
0.465
0.466
0.462
0.462
0.462
0.452
0.459
0.459
0.461
0.462
0.458
0.463
0.462
0.466
0.467
0.465
0.458
0.459
0.463
0.461
0.460
0.466
0.460
0.463
0.461
0.459
0.462
0.460
0.459
0.487
0.374
0.371
0.372
0.370
0.370
0.369
0.328
0.328
0.326
0.326
0.370
0.370
0.379
0.356
0.340
0.331
0.355
0.368
0.369
0.368
0.370
0.457
0.458
0.461
0.461
0.463
0.459
0.461
0.454
0.465
0.465
0.459
0.464
0.354
0.467
0.464
0.428
0.463
0.460
0.460
0.407
0.346
0.372
0.352
0.576
0.339
0.341
0.455
0.469
0.463
0.460
0.462
0.459
0.473
0.462
0.464
0.460
0.461
0.455
0.379
0.461
0.371
0.454
0.460
0.465
0.462
0.467
0.380
0.345
0.371
0.373
0.334
0.328
0.327
0.326
0.325
0.326
0.326
0.327
0.327
0.329
0.326
0.456
0.464
0.459
0.463
0.459
0.462
0.460
0.460
0.450
0.463
0.461
0.462
0.462
0.459
0.466
0.462
0.459
0.461
0.466
0.489
0.461
0.395
0.392
0.462
0.391
0.460
0.459
0.461
0.461
0.466
0.468
0.465
0.476
0.463
0.464
0.463
0.460
0.462
0.463
0.460
0.457
0.463
0.464
0.459
0.464
0.461
0.466
0.461
0.474
0.460
0.463
0.460
0.462
0.461
0.463
0.466
0.385
0.462
0.460
0.461
0.460
0.463
0.465
0.461
0.490
0.334
0.328
0.329
0.329
0.299
0.329
0.327
0.325
0.326
0.328
0.348
0.462
0.461
0.465
0.461
0.460
0.461
0.460
0.462
0.371
0.368
0.368
0.370
0.374
0.370
0.368
0.376
0.328
0.340
0.473
0.465
0.460
0.460
0.461
0.461
0.461
0.461
0.461
0.461
0.461
0.466
0.460
0.459
0.462
0.466
0.461
0.459
0.405
0.464
0.461
0.462
0.462
0.461
0.400
0.459
0.461
0.461
0.459
0.460
0.460
0.463
0.405
0.461
0.462
0.460
0.461
0.469
0.461
0.460
0.466
0.462
0.461
0.458
0.460
0.436
0.453
0.459
0.476
0.462
0.464
0.461
0.469
0.466
0.461
0.465
0.470
0.465
0.462
0.464
0.466
0.469
0.462
0.463
0.467
0.387
0.464
0.465
0.462
0.463
0.462
0.470
0.466
0.463
0.462
0.394
0.461
0.462
0.463
0.463
0.467
0.333
0.304
0.327
0.327
0.327
0.328
0.331
0.327
0.328
0.327
0.341
0.466
0.462
0.465
0.462
0.465
0.462
0.463
0.468
0.467
0.462
0.463
0.462
0.464
0.464
0.464
0.467
0.463
0.462
0.465
0.492
0.466
0.469
0.464
0.468
0.462
0.464
0.462
0.464
0.462
0.463
0.463
0.468
0.463
0.464
0.466
0.462
0.475
0.465
0.466
0.470
0.463
0.468
0.391
0.461
0.463
0.462
0.464
0.472
0.463
0.465
0.464
0.463
0.469
0.461
0.465
0.467
0.462
0.463
0.465
0.460
0.393
0.403
0.372
0.369
0.371
0.462
0.461
0.462
0.465
0.459
0.462
0.459
0.450
0.464
0.463
0.461
0.460
0.461
0.462
0.460
0.470
0.462
0.460
0.460
0.464
0.464
0.462
0.463
0.379
0.463
0.464
0.462
0.462
0.465
0.463
0.461
0.488
0.329
0.325
0.325
0.329
0.326
0.326
0.329
0.325
0.327
0.324
0.351
0.459
0.462
0.463
0.463
0.463
0.463
0.462
0.465
0.469
0.462
0.463
0.462
0.463
0.465
0.463
0.467
0.462
0.463
0.463
0.463
0.467
0.463
0.463
0.467
0.468
0.463
0.465
0.463
0.464
0.464
0.463
0.465
0.463
0.462
0.464
0.492
0.462
0.462
0.462
0.469
0.469
0.466
0.462
0.465
0.463
0.462
0.466
0.472
0.464
0.463
0.462
0.461
0.468
0.464
0.466
0.467
0.470
0.462
0.463
0.463
0.470
0.463
0.464
0.465
0.465
0.463
0.462
0.464
0.463
0.462
0.463
0.434
0.468
0.465
0.462
0.465
0.461
0.460
0.462
0.461
0.374
0.371
0.375
0.463
0.462
0.462
0.464
0.463
0.457
0.463
0.461
0.464
0.462
0.464
0.462
0.463
0.459
0.461
0.463
0.465
0.464
0.464
0.462
0.466
0.461
0.461
0.466
0.461
0.464
0.462
0.462
0.461
0.459
0.466
0.466
0.465
0.464
0.463
0.464
0.372
0.320
0.306
0.300
0.370
0.370
0.373
0.370
0.371
0.370
0.371
0.343
0.462
0.466
0.462
0.464
0.463
0.467
0.465
0.472
0.463
0.465
0.463
0.461
0.465
0.466
0.465
0.466
0.464
0.462
0.465
0.462
0.466
0.467
0.462
0.465
0.460
0.460
0.460
0.462
0.459
0.459
0.459
0.465
0.460
0.463
0.463
0.465
0.464
0.465
0.462
0.469
0.461
0.459
0.464
0.460
0.461
0.463
0.461
0.468
0.461
0.460
0.465
0.463
0.458
0.465
0.459
0.479
0.459
0.462
0.463
0.466
0.473
0.460
0.459
0.464
0.461
0.459
0.467
0.461
0.461
0.470
0.467
0.381
0.399
0.373
0.462
0.460
0.460
0.465
0.461
0.462
0.394
0.457
0.461
0.463
0.460
0.463
0.463
0.463
0.414
0.465
0.371
0.463
0.462
0.458
0.464
0.461
0.467
0.462
0.466
0.465
0.462
0.466
0.459
0.464
0.486
0.372
0.370
0.370
0.369
0.372
0.369
0.370
0.370
0.371
0.340
0.464
0.465
0.427
0.462
0.459
0.462
0.459
0.460
0.460
0.392
0.460
0.460
0.459
0.393
0.464
0.460
0.395
0.461
0.468
0.466
0.460
0.461
0.461
0.464
0.400
0.461
0.462
0.460
0.462
0.468
0.463
0.461
0.416
0.461
0.466
0.463
0.464
0.463
0.461
0.461
0.459
0.462
0.460
0.462
0.460
0.465
0.463
0.460
0.469
0.462
0.467
0.459
0.461
0.459
0.460
0.459
0.467
0.464
0.463
0.460
0.467
0.469
0.462
0.466
0.466
0.461
0.467
0.461
0.459
0.462
0.466
0.463
0.464
0.461
0.464
0.462
0.459
0.476
0.464
0.460
0.464
0.463
0.469
0.459
0.460
0.460
0.460
0.464
0.465
0.460
0.451
0.460
0.461
0.462
0.462
0.462
0.489
0.305
0.373
0.369
0.370
0.369
0.369
0.375
0.373
0.369
0.391
0.460
0.460
0.462
0.460
0.460
0.461
0.463
0.490
0.372
0.369
0.370
0.370
0.370
0.369
0.369
0.370
0.371
0.344
0.464
0.464
0.464
0.460
0.460
0.497
0.460
0.465
0.461
0.398
0.461
0.462
0.459
0.462
0.464
0.461
0.370
0.369
0.370
0.370
0.369
0.372
0.369
0.370
0.368
0.390
0.459
0.463
0.463
0.461
0.459
0.463
0.462
0.490
0.371
0.372
0.369
0.372
0.369
0.369
0.370
0.370
0.370
0.358
0.461
0.459
0.461
0.463
0.460
0.462
0.459
0.487
0.466
0.375
0.369
0.372
0.369
0.369
0.369
0.368
0.371
0.380
0.461
0.461
0.462
0.460
0.465
0.463
0.461
0.406
0.463
0.463
0.462
0.466
0.461
0.462
0.463
0.421
0.465
0.469
0.402
0.462
0.465
0.464
0.463
0.488
0.467
0.461
0.463
0.461
0.469
0.462
0.466
0.468
0.462
0.461
0.465
0.464
0.463
0.463
0.460
0.381
0.459
0.464
0.464
0.466
0.462
0.463
0.464
0.420
0.371
0.371
0.371
0.369
0.371
0.367
0.370
0.372
0.370
0.388
0.462
0.465
0.460
0.463
0.462
0.463
0.460
0.467
0.460
0.460
0.465
0.464
0.459
0.465
0.459
0.485
0.370
0.372
0.371
0.368
0.369
0.369
0.376
0.370
0.370
0.343
0.464
0.461
0.460
0.467
0.466
0.463
0.458
0.467
0.460
0.466
0.460
0.462
0.474
0.460
0.463
0.465
0.460
0.464
0.464
0.465
0.459
0.459
0.461
0.464
0.464
0.459
0.461
0.459
0.461
0.458
0.461
0.488
0.374
0.370
0.371
0.375
0.371
0.374
0.302
0.370
0.371
0.365
0.463
0.464
0.463
0.465
0.466
0.461
0.463
0.467
0.463
0.472
0.463
0.463
0.463
0.462
0.464
0.470
0.464
0.462
0.461
0.462
0.463
0.464
0.461
0.471
0.466
0.467
0.462
0.465
0.465
0.463
0.462
0.527
0.310
0.302
0.302
0.329
0.329
0.328
0.329
0.327
0.327
0.330
0.381
0.375
0.393
0.457
0.462
0.465
0.461
0.463
0.489
0.373
0.371
0.370
0.371
0.372
0.371
0.374
0.370
0.371
0.346
0.463
0.462
0.466
0.463
0.460
0.457
0.460
0.466
0.462
0.460
0.462
0.461
0.465
0.459
0.463
0.466
0.462
0.459
0.461
0.458
0.461
0.462
0.461
0.467
0.330
0.329
0.326
0.327
0.332
0.328
0.326
0.459
0.462
0.491
0.461
0.459
0.462
0.460
0.465
0.460
0.461
0.461
0.460
0.494
0.467
0.459
0.369
0.371
0.370
0.370
0.405
0.462
0.461
0.462
0.460
0.461
0.461
0.463
0.468
0.464
0.468
0.462
0.457
0.462
0.461
0.460
0.487
0.369
0.372
0.369
0.368
0.329
0.331
0.327
0.326
0.325
0.328
0.480
0.464
0.462
0.459
0.460
0.461
0.463
0.462
0.456
0.461
0.461
0.462
0.462
0.462
0.460
0.375
0.375
0.463
0.461
0.464
0.466
0.467
0.466
0.462
0.462
0.464
0.461
0.459
0.461
0.461
0.463
0.464
0.582
0.329
0.327
0.330
0.329
0.327
0.328
0.331
0.357
0.332
0.329
0.456
0.462
0.465
0.463
0.466
0.392
0.373
0.373
0.372
0.463
0.465
0.463
0.463
0.462
0.466
0.466
0.470
0.462
0.465
0.462
0.467
0.463
0.467
0.466
0.462
0.467
0.461
0.462
0.460
0.462
0.463
0.464
0.467
0.461
0.464
0.463
0.466
0.463
0.466
0.462
0.472
0.463
0.463
0.463
0.465
0.463
0.462
0.463
0.466
0.467
0.464
0.465
0.467
0.462
0.493
0.462
0.466
0.463
0.464
0.463
0.462
0.469
0.463
0.463
0.467
0.463
0.464
0.462
0.471
0.464
0.462
0.464
0.465
0.467
0.463
0.464
0.462
0.463
0.462
0.472
0.468
0.465
0.462
0.464
0.468
0.461
0.463
0.461
0.472
0.462
0.465
0.463
0.464
0.465
0.464
0.462
0.467
0.464
0.463
0.465
0.468
0.462
0.462
0.494
0.465
0.464
0.376
0.466
0.463
0.462
0.463
0.465
0.400
0.470
0.464
0.463
0.474
0.462
0.462
0.462
0.399
0.463
0.463
0.463
0.459
0.469
0.466
0.466
0.436
0.463
0.466
0.461
0.468
0.464
0.460
0.463
0.467
0.465
0.464
0.464
0.462
0.463
0.464
0.462
0.449
0.462
0.463
0.461
0.469
0.464
0.461
0.461
0.456
0.466
0.466
0.463
0.399
0.357
0.344
0.331
0.344
0.374
0.458
0.467
0.466
0.463
0.467
0.462
0.464
0.489
0.307
0.302
0.329
0.327
0.328
0.331
0.327
0.327
0.329
0.327
0.350
0.373
0.369
0.356
0.377
0.355
0.573
0.349
0.354
0.370
0.370
0.460
0.459
0.458
0.460
0.436
0.466
0.463
0.401
0.465
0.465
0.460
0.460
0.462
0.463
0.462
0.477
0.461
0.415
0.459
0.416
0.380
0.399
0.371
0.369
0.337
0.464
0.465
0.462
0.461
0.461
0.459
0.461
0.472
0.461
0.459
0.462
0.463
0.466
0.464
0.461
0.374
0.463
0.463
0.460
0.462
0.460
0.461
0.372
0.371
0.374
0.459
0.462
0.463
0.469
0.451
0.460
0.465
0.486
0.464
0.458
0.461
0.459
0.463
0.460
0.466
0.455
0.462
0.460
0.462
0.469
0.468
0.463
0.459
0.464
0.461
0.460
0.462
0.461
0.466
0.464
0.462
0.467
0.460
0.449
0.462
0.466
0.461
0.461
0.461
0.468
0.463
0.464
0.465
0.464
0.462
0.462
0.461
0.467
0.462
0.463
0.465
0.468
0.462
0.462
0.462
0.469
0.467
0.463
0.466
0.493
0.461
0.462
0.464
0.467
0.463
0.461
0.465
0.469
0.462
0.373
0.313
0.302
0.302
0.300
0.462
0.466
0.462
0.462
0.463
0.465
0.376
0.456
0.464
0.465
0.465
0.462
0.345
0.463
0.464
0.474
0.464
0.461
0.461
0.465
0.462
0.464
0.460
0.472
0.463
0.467
0.462
0.463
0.464
0.462
0.463
0.467
0.464
0.463
0.463
0.463
0.465
0.461
0.492
0.467
0.462
0.468
0.462
0.459
0.461
