0.536
0.490
0.466
0.491
0.488
0.498
0.397
0.379
0.374
0.372
0.374
0.372
0.374
0.370
0.471
0.494
0.490
0.486
0.471
0.405
0.486
0.498
0.477
0.399
0.380
0.373
0.472
0.491
0.489
0.493
0.479
0.498
0.490
0.488
0.495
0.492
0.396
0.478
0.393
0.371
0.485
0.489
0.494
0.490
0.494
0.487
0.491
0.489
0.492
0.490
0.462
0.492
0.490
0.463
0.496
0.489
0.489
0.491
0.494
0.489
0.492
0.490
0.495
0.489
0.397
0.495
0.494
0.489
0.494
0.493
0.394
0.505
0.390
0.380
0.344
0.370
0.493
0.488
0.450
0.488
0.475
0.489
0.494
0.491
0.487
0.493
0.494
0.489
0.487
0.460
0.491
0.466
0.490
0.487
0.366
0.494
0.488
0.486
0.469
0.488
0.490
0.492
0.405
0.502
0.492
0.489
0.455
0.491
0.491
0.488
0.491
0.486
0.487
0.488
0.490
0.487
0.488
0.495
0.494
0.492
0.490
0.486
0.456
0.492
0.390
0.497
0.454
0.408
0.489
0.489
0.455
0.491
0.487
0.493
0.455
0.478
0.487
0.487
0.453
0.491
0.489
0.489
0.456
0.488
0.486
0.389
0.460
0.489
0.489
0.494
0.455
0.489
0.487
0.489
0.462
0.491
0.491
0.489
0.455
0.492
0.489
0.490
0.460
0.491
0.490
0.462
0.496
0.391
0.494
0.487
0.494
0.489
0.494
0.487
0.497
0.489
0.457
0.489
0.456
0.488
0.488
0.493
0.464
0.490
0.398
0.492
0.465
0.492
0.486
0.490
0.469
0.489
0.489
0.487
0.491
0.488
0.487
0.494
0.396
0.383
0.498
0.487
0.464
0.489
0.485
0.488
0.491
0.490
0.486
0.485
0.491
0.487
0.488
0.495
0.492
0.489
0.490
0.488
0.492
0.489
0.488
0.488
0.492
0.491
0.489
0.489
0.494
0.491
0.490
0.497
0.469
0.466
0.490
0.491
0.492
0.492
0.489
0.491
0.493
0.491
0.490
0.493
0.492
0.495
0.490
0.494
0.492
0.466
0.492
0.488
0.492
0.489
0.490
0.389
0.474
0.491
0.486
0.485
0.476
0.487
0.488
0.492
0.474
0.455
0.489
0.487
0.474
0.488
0.489
0.488
0.478
0.488
0.488
0.488
0.482
0.488
0.489
0.416
0.478
0.490
0.489
0.490
0.461
0.492
0.396
0.491
0.483
0.489
0.485
0.486
0.489
0.487
0.488
0.491
0.481
0.459
0.491
0.488
0.478
0.487
0.489
0.461
0.484
0.489
0.488
0.487
0.484
0.490
0.493
0.494
0.390
0.493
0.494
0.490
0.490
0.487
0.489
0.489
0.484
0.488
0.494
0.372
0.389
0.492
0.490
0.377
0.371
0.369
0.369
0.369
0.493
0.491
0.479
0.487
0.489
0.488
0.489
0.521
0.483
0.490
0.397
0.525
0.492
0.492
0.488
0.538
0.492
0.489
0.490
0.496
0.489
0.489
0.489
0.495
0.490
0.490
0.488
0.500
0.485
0.471
0.498
0.494
0.492
0.489
0.489
0.493
0.489
0.489
0.490
0.493
0.496
0.491
0.491
0.497
0.489
0.489
0.489
0.494
0.496
0.491
0.489
0.494
0.488
0.491
0.491
0.491
0.487
0.487
0.491
0.511
0.484
0.475
0.491
0.491
0.490
0.488
0.489
0.489
0.488
0.490
0.488
0.485
0.489
0.398
0.450
0.389
0.495
0.491
0.490
0.463
0.490
0.490
0.488
0.451
0.491
0.490
0.492
0.493
0.490
0.492
0.489
0.498
0.490
0.483
0.490
0.493
0.488
0.492
0.488
0.495
0.489
0.491
0.490
0.494
0.491
0.490
0.488
0.499
0.489
0.489
0.492
0.389
0.498
0.487
0.488
0.399
0.479
0.492
0.489
0.399
0.501
0.489
0.488
0.378
0.509
0.487
0.488
0.386
0.498
0.486
0.493
0.397
0.493
0.490
0.489
0.400
0.493
0.529
0.472
0.469
0.495
0.491
0.489
0.396
0.496
0.395
0.495
0.493
0.488
0.488
0.494
0.489
0.488
0.486
0.487
0.495
0.493
0.490
0.485
0.491
0.494
0.487
0.489
0.495
0.485
0.489
0.488
0.454
0.492
0.490
0.489
0.498
0.487
0.488
0.488
0.491
0.490
0.489
0.491
0.493
0.490
0.490
0.495
0.493
0.490
0.489
0.492
0.497
0.494
0.490
0.495
0.493
0.489
0.395
0.495
0.458
0.490
0.489
0.489
0.456
0.490
0.487
0.488
0.457
0.488
0.486
0.488
0.456
0.492
0.443
0.490
0.491
0.488
0.490
0.487
0.491
0.488
0.487
0.486
0.496
0.440
0.493
0.488
0.495
0.490
0.490
0.488
0.484
0.488
0.489
0.489
0.494
0.488
0.489
0.490
0.497
0.491
0.490
0.487
0.493
0.490
0.474
0.492
0.464
0.491
0.486
0.488
0.465
0.489
0.485
0.395
0.383
0.347
0.495
0.488
0.467
0.491
0.486
0.397
0.381
0.377
0.370
0.365
0.369
0.369
0.368
0.369
0.372
0.371
0.371
0.370
0.397
0.456
0.491
0.489
0.468
0.491
0.489
0.491
0.469
0.489
0.489
0.489
0.477
0.389
0.495
0.492
0.470
0.471
0.490
0.490
0.470
0.491
0.489
0.491
0.493
0.491
0.489
0.489
0.502
0.493
0.488
0.491
0.494
0.489
0.489
0.490
0.492
0.489
0.489
0.388
0.476
0.491
0.486
0.491
0.442
0.456
0.488
0.485
0.474
0.491
0.486
0.488
0.474
0.486
0.489
0.369
0.476
0.492
0.487
0.487
0.483
0.491
0.487
0.492
0.491
0.489
0.487
0.487
0.493
0.490
0.474
0.491
0.479
0.489
0.487
0.486
0.485
0.456
0.489
0.488
0.480
0.488
0.486
0.488
0.482
0.483
0.489
0.488
0.494
0.492
0.490
0.453
0.496
0.487
0.486
0.487
0.492
0.481
0.487
0.486
0.483
0.490
0.487
0.487
0.402
0.495
0.490
0.490
0.489
0.461
0.491
0.487
0.488
0.489
0.487
0.486
0.487
0.488
0.488
0.489
0.455
0.489
0.486
0.485
0.491
0.487
0.455
0.491
0.489
0.488
0.492
0.488
0.495
0.487
0.490
0.515
0.372
0.373
0.372
0.372
0.497
0.473
0.496
0.515
0.487
0.490
0.490
0.516
0.491
0.488
0.490
0.492
0.490
0.490
0.396
0.499
0.488
0.489
0.496
0.492
0.490
0.490
0.488
0.497
0.493
0.402
0.496
0.491
0.491
0.490
0.490
0.495
0.494
0.474
0.490
0.490
0.488
0.391
0.471
0.492
0.488
0.487
0.492
0.492
0.488
0.488
0.490
0.493
0.494
0.488
0.488
0.489
0.488
0.487
0.488
0.472
0.487
0.490
0.487
0.463
0.495
0.473
0.482
0.493
0.495
0.483
0.490
0.495
0.497
0.490
0.491
0.427
0.499
0.487
0.372
0.343
0.499
0.489
0.491
0.409
0.499
0.493
0.490
0.408
0.492
0.490
0.488
0.405
0.496
0.488
0.490
0.388
0.494
0.461
0.493
0.398
0.515
0.488
0.465
0.393
0.495
0.489
0.490
0.397
0.494
0.490
0.489
0.404
0.493
0.491
0.490
0.396
0.499
0.489
0.490
0.397
0.492
0.490
0.488
0.403
0.472
0.489
0.494
0.395
0.479
0.490
0.489
0.410
0.506
0.492
0.493
0.398
0.492
0.486
0.488
0.399
0.493
0.488
0.490
0.481
0.490
0.488
0.489
0.400
0.499
0.488
0.493
0.453
0.492
0.488
0.488
0.493
0.459
0.484
0.491
0.455
0.490
0.489
0.489
0.451
0.502
0.489
0.489
0.457
0.491
0.489
0.389
0.458
0.492
0.494
0.490
0.454
0.491
0.489
0.492
0.468
0.495
0.487
0.490
0.456
0.490
0.487
0.487
0.459
0.490
0.487
0.486
0.459
0.489
0.487
0.487
0.457
0.451
0.492
0.488
0.490
0.488
0.487
0.490
0.491
0.490
0.488
0.487
0.490
0.487
0.486
0.488
0.490
0.493
0.488
0.490
0.405
0.491
0.488
0.489
0.460
0.488
0.488
0.489
0.464
0.489
0.486
0.490
0.459
0.357
0.493
0.490
0.466
0.488
0.487
0.487
0.464
0.463
0.489
0.372
0.468
0.497
0.487
0.486
0.493
0.493
0.488
0.486
0.491
0.487
0.487
0.489
0.491
0.488
0.487
0.487
0.492
0.489
0.486
0.487
0.472
0.396
0.491
0.490
0.470
0.489
0.487
0.488
0.473
0.489
0.490
0.397
0.474
0.491
0.490
0.490
0.475
0.495
0.490
0.490
0.478
0.489
0.491
0.490
0.470
0.490
0.489
0.490
0.481
0.490
0.488
0.487
0.480
0.463
0.490
0.493
0.482
0.491
0.490
0.489
0.481
0.462
0.490
0.490
0.454
0.490
0.488
0.493
0.493
0.497
0.490
0.490
0.481
0.473
0.491
0.490
0.496
0.489
0.490
0.490
0.495
0.489
0.490
0.488
0.493
0.501
0.488
0.489
0.494
0.493
0.491
0.490
0.452
0.491
0.489
0.493
0.454
0.495
0.489
0.489
0.451
0.496
0.489
0.489
0.455
0.495
0.489
0.492
0.493
0.488
0.490
0.493
0.495
0.378
0.492
0.490
0.396
0.504
0.489
0.489
0.460
0.471
0.490
0.490
0.459
0.455
0.490
0.490
0.459
0.492
0.486
0.385
0.461
0.493
0.487
0.497
0.462
0.489
0.487
0.488
0.463
0.490
0.490
0.489
0.356
0.500
0.487
0.491
0.459
0.419
0.492
0.489
0.463
0.495
0.489
0.490
0.460
0.490
0.488
0.492
0.469
0.492
0.490
0.491
0.494
0.494
0.490
0.490
0.492
0.495
0.490
0.486
0.494
0.490
0.489
0.491
0.494
0.489
0.489
0.489
0.463
0.346
0.493
0.488
0.493
0.490
0.491
0.489
0.494
0.464
0.490
0.490
0.470
0.490
0.489
0.488
0.492
0.497
0.487
0.490
0.496
0.489
0.489
0.395
0.396
0.383
0.472
0.489
0.468
0.492
0.489
0.395
0.378
0.378
0.455
0.490
0.466
0.490
0.492
0.490
0.471
0.492
0.487
0.488
0.380
0.463
0.491
0.487
0.467
0.492
0.484
0.487
0.473
0.489
0.492
0.489
0.481
0.487
0.488
0.489
0.398
0.492
0.489
0.487
0.479
0.458
0.475
0.487
0.475
0.487
0.488
0.490
0.479
0.487
0.491
0.492
0.480
0.490
0.492
0.391
0.476
0.495
0.492
0.389
0.487
0.493
0.488
0.489
0.470
0.490
0.465
0.492
0.491
0.489
0.489
0.489
0.484
0.467
0.496
0.487
0.486
0.489
0.490
0.488
0.486
0.489
0.488
0.489
0.486
0.456
0.491
0.490
0.487
0.494
0.494
0.489
0.496
0.474
0.493
0.492
0.373
0.372
0.370
0.373
0.488
0.488
0.490
0.525
0.486
0.468
0.490
0.530
0.486
0.490
0.488
0.491
0.488
0.488
0.493
0.526
0.484
0.489
0.489
0.516
0.489
0.494
0.492
0.371
0.489
0.491
0.489
0.516
0.486
0.491
0.489
0.391
0.492
0.492
0.490
0.493
0.489
0.473
0.491
0.499
0.488
0.467
0.489
0.494
0.489
0.490
0.489
0.494
0.467
0.491
0.465
0.496
0.488
0.495
0.489
0.495
0.487
0.490
0.393
0.500
0.488
0.491
0.488
0.389
0.372
0.371
0.368
0.402
0.492
0.481
0.490
0.492
0.485
0.487
0.487
0.490
0.487
0.488
0.488
0.492
0.489
0.488
0.490
0.481
0.490
0.468
0.490
0.471
0.491
0.489
0.490
0.461
0.467
0.490
0.489
0.453
0.489
0.492
0.489
0.450
0.499
0.487
0.398
0.437
0.495
0.489
0.489
0.388
0.495
0.489
0.489
0.408
0.494
0.487
0.487
0.406
0.498
0.493
0.488
0.402
0.491
0.483
0.487
0.371
0.498
0.486
0.488
0.400
0.494
0.489
0.490
0.398
0.508
0.396
0.493
0.398
0.495
0.486
0.486
0.394
0.473
0.489
0.491
0.397
0.494
0.486
0.489
0.394
0.493
0.493
0.489
0.399
0.496
0.489
0.488
0.397
0.496
0.488
0.489
0.395
0.492
0.492
0.490
0.394
0.503
0.493
0.489
0.405
0.494
0.487
0.487
0.490
0.486
0.487
0.489
0.490
0.490
0.492
0.490
0.490
0.489
0.493
0.486
0.492
0.487
0.404
0.486
0.472
0.488
0.488
0.488
0.458
0.493
0.488
0.487
0.450
0.494
0.493
0.485
0.453
0.488
0.487
0.487
0.490
0.490
0.488
0.486
0.493
0.487
0.487
0.490
0.491
0.413
0.489
0.486
0.492
0.488
0.487
0.486
0.495
0.489
0.489
0.489
0.492
0.488
0.488
0.489
0.457
0.473
0.495
0.493
0.464
0.491
0.492
0.471
0.458
0.491
0.489
0.458
0.465
0.492
0.491
0.490
0.462
0.492
0.497
0.397
0.465
0.490
0.488
0.490
0.464
0.491
0.494
0.490
0.464
0.491
0.489
0.491
0.462
0.398
0.500
0.488
0.464
0.490
0.489
0.488
0.493
0.485
0.495
0.490
0.462
0.427
0.486
0.488
0.468
0.491
0.493
0.490
0.467
0.490
0.489
0.489
0.474
0.490
0.490
0.490
0.492
0.488
0.488
0.488
0.456
0.394
0.500
0.488
0.469
0.489
0.490
0.490
0.472
0.490
0.491
0.487
0.471
0.489
0.490
0.489
0.397
0.490
0.496
0.491
0.474
0.490
0.489
0.491
0.477
0.489
0.493
0.487
0.472
0.490
0.491
0.488
0.478
0.450
0.497
0.486
0.480
0.488
0.490
0.489
0.495
0.487
0.491
0.486
0.492
0.487
0.491
0.487
0.494
0.488
0.475
0.490
0.492
0.488
0.489
0.489
0.496
0.490
0.488
0.491
0.497
0.489
0.490
0.490
0.493
0.456
0.496
0.486
0.491
0.494
0.492
0.489
0.496
0.460
0.491
0.488
0.482
0.489
0.489
0.488
0.482
0.488
0.496
0.486
0.484
0.490
0.486
0.488
0.489
0.487
0.493
0.485
0.488
0.488
0.488
0.488
0.490
0.460
0.498
0.487
0.489
0.490
0.489
0.489
0.488
0.491
0.491
0.488
0.489
0.492
0.490
0.490
0.489
0.371
0.373
0.372
0.486
0.488
0.491
0.519
0.488
0.488
0.494
0.533
0.400
0.493
0.491
0.518
0.465
0.469
0.499
0.531
0.486
0.489
0.488
0.493
0.490
0.492
0.495
0.494
0.491
0.489
0.490
0.495
0.493
0.489
0.498
0.493
0.490
0.490
0.471
0.498
0.490
0.489
0.490
0.493
0.490
0.489
0.488
0.493
0.491
0.476
0.497
0.494
0.488
0.494
0.491
0.498
0.395
0.495
0.490
0.493
0.473
0.489
0.488
0.494
0.491
0.490
0.494
0.480
0.488
0.489
0.489
0.471
0.491
0.491
0.489
0.463
0.492
0.488
0.487
0.449
0.488
0.482
0.493
0.441
0.516
0.485
0.488
0.434
0.491
0.486
0.488
0.416
0.493
0.488
0.489
0.407
0.492
0.384
0.379
0.373
0.493
0.489
0.384
0.346
0.373
0.491
0.489
0.399
0.494
0.490
0.491
0.492
0.488
0.490
0.496
0.380
0.493
0.490
0.488
0.395
0.494
0.488
0.493
0.409
0.494
0.389
0.495
0.391
0.493
0.492
0.402
0.398
0.494
0.488
0.491
0.462
0.489
0.469
0.372
0.490
0.373
0.370
0.372
0.470
0.497
0.489
0.492
0.458
0.494
0.489
0.488
0.462
0.489
0.488
0.471
0.401
0.404
0.492
0.492
0.450
0.490
0.490
0.494
0.463
0.491
0.489
0.488
0.396
0.495
0.489
0.491
0.493
0.489
0.489
0.490
0.374
0.376
0.371
0.376
0.460
0.493
0.490
0.490
0.493
0.401
0.491
0.489
0.453
0.490
0.486
0.486
0.455
0.493
0.487
0.495
0.453
0.488
0.488
0.489
0.455
0.488
0.487
0.487
0.458
0.491
0.486
0.487
0.462
0.432
0.489
0.498
0.459
0.490
0.488
0.485
0.461
0.491
0.488
0.494
0.463
0.493
0.489
0.489
0.461
0.491
0.490
0.498
0.467
0.492
0.488
0.489
0.466
0.495
0.491
0.495
0.464
0.492
0.488
0.488
0.467
0.370
0.494
0.496
0.492
0.492
0.488
0.471
0.464
0.496
0.488
0.493
0.467
0.497
0.488
0.492
0.466
0.492
0.489
0.493
0.470
0.490
0.490
0.389
0.468
0.492
0.489
0.489
0.471
0.490
0.488
0.490
0.471
0.392
0.496
0.494
0.412
0.493
0.486
0.491
0.495
0.490
0.453
0.488
0.465
0.488
0.492
0.488
0.474
0.489
0.458
0.374
0.486
0.489
0.491
0.486
0.478
0.487
0.369
0.370
0.475
0.369
0.368
0.369
0.478
0.451
0.494
0.492
0.491
0.488
0.487
0.487
0.495
0.489
0.493
0.486
0.496
0.491
0.490
0.490
0.492
0.489
0.491
0.493
0.492
0.490
0.466
0.491
0.480
0.490
0.489
0.488
0.480
0.491
0.489
0.490
0.480
0.458
0.494
0.494
0.483
0.488
0.489
0.489
0.493
0.492
0.490
0.488
0.489
0.487
0.488
0.488
0.492
0.461
0.488
0.491
0.490
0.487
0.481
0.487
0.493
0.488
0.419
0.489
0.456
0.490
0.486
0.487
0.449
0.495
0.487
0.492
0.457
0.494
0.490
0.490
0.457
0.493
0.491
0.491
0.453
0.493
0.488
0.490
0.459
0.493
0.489
0.496
0.459
0.491
0.491
0.487
0.456
0.491
0.491
0.490
0.458
0.492
0.490
0.489
0.457
0.455
0.490
0.495
0.373
0.483
0.490
0.490
0.461
0.491
0.489
0.490
0.460
0.493
0.489
0.490
0.463
0.490
0.491
0.492
0.460
0.493
0.488
0.489
0.467
0.491
0.491
0.488
0.463
0.498
0.490
0.487
0.465
0.369
0.494
0.498
0.492
0.491
0.490
0.489
0.492
0.489
0.492
0.491
0.497
0.495
0.491
0.491
0.493
0.491
0.489
0.493
0.493
0.490
0.488
0.503
0.485
0.491
0.482
0.489
0.493
0.488
0.489
0.489
0.494
0.396
0.494
0.494
0.518
0.488
0.489
0.489
0.493
0.492
0.491
0.489
0.493
0.489
0.490
0.492
0.493
0.491
0.487
0.491
0.494
0.490
0.489
0.488
0.494
0.491
0.492
0.488
0.493
0.490
0.494
0.490
0.495
0.451
0.494
0.492
0.491
0.490
0.487
0.495
0.494
0.489
0.493
0.485
0.473
0.491
0.488
0.489
0.399
0.496
0.492
0.494
0.479
0.490
0.489
0.490
0.485
0.492
0.491
0.493
0.492
0.490
0.489
0.489
0.352
0.461
0.490
0.493
0.484
0.492
0.489
0.489
0.492
0.489
0.490
0.491
0.492
0.489
0.489
0.490
0.493
0.489
0.491
0.494
0.491
0.489
0.488
0.491
0.493
0.489
0.489
0.488
0.488
0.490
0.490
0.492
0.484
0.463
0.491
0.468
0.489
0.487
0.487
0.487
0.489
0.490
0.488
0.486
0.490
0.486
0.487
0.388
0.482
0.488
0.458
0.519
0.370
0.367
0.369
0.371
0.488
0.488
0.487
0.514
0.489
0.485
0.453
0.525
0.475
0.473
0.489
0.496
0.486
0.486
0.491
0.493
0.486
0.488
0.493
0.493
0.488
0.488
0.489
0.493
0.490
0.490
0.488
0.499
0.397
0.494
0.487
0.493
0.485
0.489
0.489
0.492
0.487
0.489
0.490
0.386
0.371
0.369
0.370
0.405
0.493
0.488
0.488
0.493
0.487
0.487
0.491
0.493
0.489
0.460
0.490
0.492
0.489
0.489
0.490
0.487
0.492
0.489
0.399
0.476
0.489
0.490
0.490
0.493
0.403
0.495
0.396
0.357
0.501
0.480
0.489
0.440
0.492
0.492
0.489
0.421
0.492
0.487
0.488
0.404
0.495
0.488
0.487
0.414
0.491
0.487
0.487
0.410
0.492
0.488
0.486
0.491
0.487
0.489
0.487
0.494
0.488
0.489
0.485
0.493
0.489
0.487
0.489
0.496
0.489
0.488
0.488
0.492
0.489
0.490
0.399
0.393
0.371
0.372
0.373
0.374
0.478
0.489
0.489
0.401
0.493
0.490
0.489
0.399
0.493
0.489
0.397
0.380
0.371
0.371
0.371
0.372
0.508
0.488
0.487
0.401
0.494
0.488
0.489
0.398
0.461
0.493
0.488
0.483
0.481
0.491
0.466
0.397
0.493
0.490
0.489
0.397
0.493
0.492
0.488
0.488
0.489
0.488
0.489
0.455
0.469
0.475
0.490
0.484
0.494
0.489
0.491
0.460
0.489
0.489
0.487
0.453
0.491
0.489
0.489
0.455
0.491
0.489
0.490
0.458
0.492
0.488
0.489
0.460
0.491
0.490
0.488
0.491
0.492
0.488
0.490
0.492
0.491
0.488
0.490
0.492
0.498
0.492
0.489
0.498
0.487
0.489
0.487
0.490
0.495
0.492
0.491
0.496
0.487
0.491
0.490
0.491
0.490
0.490
0.492
0.496
0.487
0.490
0.491
0.494
0.495
0.456
0.488
0.461
0.491
0.489
0.487
0.464
0.423
0.492
0.491
0.468
0.490
0.490
0.491
0.465
0.491
0.488
0.491
0.494
0.490
0.488
0.492
0.493
0.486
0.491
0.488
0.498
0.489
0.491
0.490
0.491
0.490
0.488
0.490
0.456
0.489
0.488
0.490
0.465
0.341
0.496
0.486
0.474
0.490
0.490
0.487
0.469
0.489
0.489
0.488
0.468
0.490
0.489
0.395
0.476
0.489
0.490
0.488
0.476
0.490
0.491
0.488
0.490
0.490
0.490
0.488
0.493
0.488
0.489
0.489
0.494
0.476
0.490
0.489
0.497
0.488
0.489
0.472
0.472
0.488
0.488
0.489
0.474
0.488
0.487
0.486
0.475
0.490
0.487
0.488
0.478
0.487
0.488
0.487
0.398
0.493
0.486
0.486
0.479
0.492
0.487
0.488
0.482
0.455
0.488
0.487
0.482
0.478
0.479
0.486
0.482
0.492
0.490
0.489
0.496
0.490
0.490
0.489
0.493
0.490
0.488
0.489
0.497
0.489
0.489
0.494
0.492
0.489
0.488
0.492
0.489
0.391
0.493
0.488
0.487
0.464
0.492
0.490
0.494
0.488
0.491
0.489
0.489
0.489
0.489
0.489
0.490
0.490
0.490
0.489
0.490
0.490
0.489
0.489
0.495
0.489
0.490
0.487
0.490
0.490
0.489
0.489
0.494
0.487
0.489
0.515
0.371
0.370
0.371
0.371
0.495
0.477
0.488
0.494
0.490
0.490
0.489
0.494
0.491
0.492
0.489
0.492
0.488
0.489
0.489
0.494
0.494
0.487
0.490
0.496
0.379
0.495
0.491
0.493
0.488
0.488
0.488
0.493
0.489
0.474
0.491
0.493
0.494
0.488
0.489
0.491
0.488
0.487
0.489
0.500
0.487
0.490
0.488
0.494
0.491
0.488
0.489
0.492
0.496
0.390
0.495
0.478
0.491
0.489
0.488
0.470
0.470
0.458
0.489
0.458
0.496
0.483
0.489
0.444
0.497
0.488
0.489
0.433
0.493
0.490
0.490
0.420
0.492
0.489
0.491
0.412
0.495
0.489
0.489
0.405
0.499
0.489
0.489
0.494
0.493
0.492
0.490
0.494
0.490
0.491
0.490
0.495
0.493
0.487
0.489
0.491
0.494
0.488
0.488
0.493
0.491
0.489
0.490
0.496
0.491
0.491
0.392
0.497
0.481
0.489
0.489
0.395
0.475
0.491
0.493
0.399
0.496
0.490
0.489
0.397
0.493
0.489
0.490
0.395
0.509
0.489
0.490
0.399
0.495
0.487
0.492
0.393
0.494
0.488
0.487
0.493
0.486
0.486
0.486
0.492
0.488
0.488
0.466
0.493
0.496
0.490
0.475
0.401
0.495
0.489
0.356
0.456
0.493
0.489
0.488
0.471
0.496
0.489
0.489
0.455
0.494
0.491
0.490
0.455
0.399
0.494
0.490
0.450
0.493
0.489
0.489
0.459
0.491
0.489
0.474
0.455
0.495
0.492
0.491
0.457
0.493
0.489
0.489
0.456
0.492
0.488
0.490
0.459
0.499
0.488
0.489
0.463
0.494
0.485
0.472
0.455
0.489
0.397
0.491
0.455
0.488
0.488
0.489
0.457
0.492
0.487
0.397
0.454
0.493
0.486
0.489
0.464
0.489
0.486
0.487
0.492
0.489
0.488
0.487
0.490
0.441
0.461
0.491
0.491
0.496
0.488
0.483
0.463
0.491
0.471
0.489
0.465
0.477
0.492
0.490
0.463
0.493
0.489
0.488
0.468
0.494
0.488
0.489
0.466
0.490
0.488
0.489
0.471
0.493
0.490
0.489
0.457
0.359
0.496
0.489
0.464
0.499
0.488
0.490
0.466
0.494
0.488
0.489
0.469
0.493
0.488
0.488
0.468
0.490
0.490
0.488
0.471
0.496
0.488
0.488
0.472
0.491
0.488
0.490
0.474
0.492
0.488
0.490
0.469
0.389
0.493
0.489
0.494
0.495
0.488
0.491
0.492
0.487
0.487
0.490
0.494
0.491
0.458
0.494
0.476
0.392
0.490
0.490
0.477
0.498
0.489
0.489
0.480
0.492
0.489
0.374
0.477
0.493
0.491
0.495
0.483
0.456
0.491
0.489
0.398
0.381
0.373
0.378
0.470
0.489
0.488
0.389
0.395
0.490
0.487
0.488
0.480
0.489
0.395
0.377
0.481
0.493
0.387
0.493
0.483
0.489
0.490
0.488
0.479
0.487
0.486
0.488
0.481
0.456
0.495
0.481
0.481
0.494
0.486
0.490
0.485
0.489
0.488
0.489
0.484
0.492
0.489
0.489
0.488
0.489
0.489
0.492
0.490
0.493
0.489
0.532
0.371
0.369
0.372
0.372
0.454
0.491
0.487
0.489
0.493
0.491
0.487
0.458
0.398
0.497
0.485
0.467
0.448
0.392
0.492
0.487
0.466
0.489
0.487
0.489
0.455
0.489
0.488
0.488
0.456
0.460
0.491
0.490
0.458
0.492
0.488
0.489
0.459
0.492
0.490
0.490
0.457
0.498
0.487
0.490
0.459
0.495
0.485
0.487
0.455
0.491
0.488
0.488
0.398
0.478
0.490
0.490
0.457
0.457
0.491
0.490
0.466
0.495
0.489
0.490
0.460
0.492
0.490
0.495
0.461
0.491
0.490
0.489
0.404
0.451
0.490
0.489
0.468
0.496
0.489
0.488
0.495
0.462
0.483
0.489
0.491
0.488
0.489
0.487
0.491
0.489
0.488
0.458
0.494
0.498
0.474
0.488
0.462
0.488
0.488
0.482
0.467
0.487
0.488
0.486
0.461
0.384
0.494
0.489
0.466
0.495
0.486
0.489
0.464
0.492
0.487
0.489
0.469
0.491
0.488
0.492
0.494
0.493
0.490
0.490
0.492
0.495
0.490
0.489
0.511
0.489
0.490
0.411
0.490
0.488
0.488
0.490
0.466
0.389
0.497
0.489
0.492
0.494
0.489
0.490
0.493
0.495
0.489
0.490
0.492
0.489
0.491
0.487
0.491
0.488
0.388
0.494
0.478
0.492
0.487
0.499
0.480
0.487
0.488
0.490
0.474
0.491
0.489
0.489
0.480
0.455
0.491
0.492
0.485
0.493
0.489
0.489
0.478
0.468
0.490
0.486
0.480
0.489
0.489
0.490
0.485
0.491
0.489
0.491
0.481
0.494
0.474
0.490
0.486
0.490
0.490
0.489
0.489
0.477
0.482
0.490
0.481
0.461
0.489
0.493
0.486
0.494
0.488
0.486
0.483
0.490
0.489
0.487
0.470
0.394
0.493
0.488
0.486
0.489
0.486
0.488
0.487
0.494
0.487
0.488
0.489
0.488
0.487
0.487
0.490
0.489
0.489
0.524
0.487
0.460
0.369
0.368
0.491
0.493
0.488
0.487
0.488
0.489
0.488
0.498
0.488
0.464
0.489
0.515
0.374
0.371
0.370
0.371
0.460
0.500
0.488
0.493
0.489
0.494
0.489
0.496
0.489
0.490
0.490
0.495
0.487
0.470
0.489
0.492
0.489
0.494
0.486
0.495
0.486
0.489
0.487
0.496
0.487
0.492
0.487
0.493
0.485
0.487
0.487
0.493
0.488
0.403
0.491
0.499
0.487
0.491
0.486
0.492
0.487
0.489
0.406
0.500
0.412
0.473
0.481
0.378
0.495
0.494
0.456
0.482
0.495
0.490
0.488
0.456
0.494
0.490
0.480
0.446
0.492
0.489
0.490
0.425
0.493
0.497
0.489
0.428
0.452
0.493
0.490
0.419
0.493
0.492
0.399
0.394
0.497
0.484
0.491
0.391
0.493
0.492
0.489
0.402
0.493
0.489
0.490
0.373
0.497
0.486
0.391
0.403
0.499
0.488
0.490
0.365
0.494
0.491
0.489
0.409
0.459
0.489
0.487
0.365
0.493
0.487
0.479
0.401
0.505
0.493
0.488
0.362
0.494
0.460
0.490
0.396
0.491
0.487
0.488
0.394
0.499
0.487
0.487
0.489
0.489
0.491
0.489
0.495
0.488
0.495
0.490
0.494
0.488
0.489
0.488
0.493
0.489
0.471
0.490
0.399
0.499
0.489
0.489
0.456
0.490
0.495
0.492
0.451
0.491
0.489
0.490
0.456
0.490
0.489
0.492
0.457
0.490
0.490
0.488
0.458
0.492
0.492
0.489
0.374
0.370
0.370
0.371
0.458
0.489
0.491
0.488
0.457
0.494
0.487
0.388
0.462
0.491
0.492
0.492
0.458
0.490
0.487
0.488
0.467
0.490
0.489
0.490
0.459
0.490
0.490
0.488
0.464
0.491
0.496
0.491
0.460
0.490
0.487
0.488
0.387
0.464
0.390
0.496
0.466
0.448
0.493
0.490
0.467
0.493
0.494
0.490
0.466
0.490
0.488
0.488
0.465
0.491
0.489
0.392
0.468
0.489
0.490
0.488
0.465
0.491
0.492
0.493
0.465
0.491
0.489
0.488
0.467
0.490
0.492
0.489
0.492
0.401
0.493
0.489
0.465
0.491
0.497
0.488
0.473
0.491
0.490
0.488
0.470
0.489
0.391
0.494
0.490
0.491
0.491
0.494
0.479
0.490
0.499
0.489
0.495
0.396
0.493
0.476
0.469
0.490
0.489
0.490
0.475
0.388
0.496
0.491
0.472
0.489
0.494
0.489
0.474
0.489
0.487
0.488
0.493
0.490
0.389
0.389
0.477
0.494
0.488
0.486
0.475
0.491
0.492
0.488
0.473
0.487
0.489
0.491
0.477
0.380
0.382
0.370
0.371
0.369
0.369
0.368
0.472
0.488
0.492
0.488
0.481
0.486
0.383
0.494
0.482
0.489
0.491
0.492
0.484
0.491
0.389
0.493
0.484
0.489
0.494
0.491
0.484
0.489
0.395
0.494
0.487
0.489
0.491
0.492
0.483
0.388
0.370
0.370
0.485
0.493
0.494
0.488
0.487
0.487
0.488
0.489
0.489
0.490
0.491
0.488
0.487
0.491
0.489
0.490
0.489
0.488
0.495
0.488
0.490
0.471
0.490
0.487
0.483
0.487
0.488
0.537
0.484
0.461
0.491
0.527
0.484
0.487
0.491
0.515
0.484
0.488
0.487
0.388
0.490
0.488
0.486
0.514
0.490
0.487
0.487
0.520
0.488
0.491
0.492
0.492
0.490
0.488
0.488
0.494
0.489
0.490
0.489
0.495
0.493
0.469
0.491
0.495
0.489
0.490
0.494
0.494
0.488
0.487
0.494
0.492
0.489
0.487
0.488
0.496
0.490
0.489
0.497
0.492
0.490
0.492
0.487
0.493
0.492
0.489
0.478
0.394
0.495
0.490
0.487
0.446
0.371
0.370
0.369
0.390
0.496
0.487
0.494
0.478
0.489
0.488
0.489
0.492
0.492
0.487
0.491
0.492
0.490
0.487
0.489
0.493
0.491
0.491
0.494
0.497
0.488
0.490
0.491
0.492
0.489
0.491
0.490
0.492
0.490
0.483
0.489
0.493
0.488
0.488
0.495
0.492
0.489
0.487
0.487
0.493
0.486
0.488
0.485
0.492
0.490
0.488
0.460
0.397
0.461
0.488
0.492
0.394
0.492
0.490
0.490
0.396
0.492
0.487
0.487
0.395
0.511
0.489
0.490
0.392
0.495
0.488
0.496
0.403
0.494
0.492
0.491
0.472
0.491
0.490
0.489
0.492
0.489
0.489
0.490
0.492
0.488
0.489
0.495
0.494
0.489
0.489
0.490
0.492
0.489
0.491
0.490
0.492
0.493
0.488
0.489
0.459
0.488
0.490
0.492
0.460
0.492
0.486
0.487
0.456
0.491
0.491
0.489
0.456
0.491
0.463
0.478
0.456
0.494
0.396
0.498
0.459
0.491
0.494
0.475
0.463
0.489
0.495
0.488
0.368
0.375
0.372
0.368
0.461
0.488
0.491
0.492
0.455
0.490
0.487
0.491
0.462
0.492
0.489
0.490
0.457
0.489
0.487
0.488
0.460
0.488
0.486
0.495
0.457
0.492
0.489
0.489
0.463
0.491
0.488
0.488
0.462
0.439
0.494
0.489
0.467
0.490
0.491
0.493
0.466
0.491
0.494
0.490
0.472
0.490
0.455
0.490
0.472
0.492
0.493
0.489
0.464
0.492
0.493
0.486
0.472
0.493
0.489
0.489
0.470
0.490
0.490
0.487
0.468
0.354
0.484
0.490
0.463
0.494
0.493
0.492
0.471
0.490
0.489
0.486
0.470
0.489
0.490
0.486
0.473
0.459
0.490
0.486
0.472
0.494
0.488
0.488
0.481
0.488
0.491
0.487
0.473
0.490
0.490
0.486
0.472
0.402
0.494
0.489
0.496
0.493
0.491
0.488
0.475
0.490
0.493
0.491
0.492
0.489
0.489
0.489
0.475
0.491
0.492
0.488
0.486
0.494
0.489
0.485
0.393
0.494
0.490
0.489
0.479
0.489
0.490
0.489
0.481
0.455
0.491
0.370
0.457
0.495
0.488
0.491
0.488
0.490
0.489
0.491
0.493
0.489
0.489
0.489
0.493
0.492
0.488
0.490
0.491
0.495
0.488
0.489
0.490
0.488
0.488
0.491
0.493
0.487
0.490
0.489
0.483
0.461
